0,0,0,0,0,0,0,0,0,0,0,90.000000,0.000030,99999.999000,
0,0,0,0,0,0,0,0,2,-3,0,277.418350,0.000020,0.067000,
0,0,0,0,0,0,0,0,2,-2,0,177.303670,0.000020,0.564000,
0,0,0,0,0,0,0,0,2,-1,0,60.078940,0.000040,0.087000,
0,0,0,0,0,0,0,0,2,0,0,0.780260,0.000430,0.040000,
0,0,0,0,0,1,0,0,-2,0,0,234.612130,0.000110,0.040000,
0,0,0,0,0,1,0,0,-2,1,0,232.101290,0.000050,0.087000,
0,0,0,0,0,1,0,0,0,-1,0,242.914820,0.000080,0.076000,
0,0,0,0,0,1,0,0,0,1,0,62.914820,0.000080,0.075000,
0,0,0,0,0,1,0,0,2,-1,0,51.999970,0.000050,0.087000,
0,0,0,0,0,1,0,0,2,0,0,54.567360,0.000100,0.040000,
0,0,0,0,1,0,0,0,-2,0,0,30.691880,0.000220,0.041000,
0,0,0,0,1,0,0,0,-2,1,0,38.288830,0.000240,0.088000,
0,0,0,0,1,0,0,0,0,-1,0,312.643000,0.000160,0.076000,
0,0,0,0,1,0,0,0,0,1,0,132.027260,0.000160,0.075000,
0,0,0,0,1,0,0,0,2,-1,0,218.660270,0.000230,0.086000,
0,0,0,0,1,0,0,0,2,0,0,210.722650,0.000190,0.040000,
0,0,0,0,2,-5,0,0,-2,0,0,42.641590,0.000140,0.040000,
0,0,0,0,2,-5,0,0,-2,1,0,5.316820,0.000240,0.087000,
0,0,0,0,2,-5,0,0,-2,2,0,169.385290,0.000020,0.564000,
0,0,0,0,2,-5,0,0,0,-2,0,169.693060,0.000060,0.038000,
0,0,0,0,2,-5,0,0,0,-1,0,169.082180,0.001200,0.075000,
0,0,0,0,2,-5,0,0,0,1,0,349.082180,0.001200,0.075000,
0,0,0,0,2,-5,0,0,0,2,0,349.693430,0.000060,0.038000,
0,0,0,0,2,-5,0,0,2,-2,0,349.384600,0.000020,0.563000,
0,0,0,0,2,-5,0,0,2,-1,0,185.188010,0.000250,0.087000,
0,0,0,0,2,-5,0,0,2,0,0,221.322880,0.000140,0.040000,
0,0,0,0,2,0,0,0,-2,0,0,45.925890,0.000040,0.041000,
0,0,0,0,2,0,0,0,0,-1,0,326.499310,0.000050,0.076000,
0,0,0,0,2,0,0,0,0,1,0,146.499310,0.000050,0.074000,
0,0,0,1,0,0,0,0,-2,-2,0,32.939420,0.000020,0.020000,
0,0,0,1,0,0,0,0,-2,0,0,213.438840,0.000160,0.041000,
0,0,0,1,0,0,0,0,-2,2,0,209.497820,0.000020,0.434000,
0,0,0,1,0,0,0,0,0,-1,0,215.917830,0.000070,0.079000,
0,0,0,1,0,0,0,0,0,0,0,217.855400,0.000140,1.881000,
0,0,0,1,0,0,0,0,0,1,0,35.917830,0.000070,0.073000,
0,0,0,1,0,0,0,0,0,2,0,37.842270,0.000020,0.037000,
0,0,0,2,0,0,0,0,-2,0,0,155.592630,0.000030,0.042000,
0,0,0,2,0,0,0,0,0,-2,0,61.853960,0.000030,0.039000,
0,0,0,2,0,0,0,0,0,-1,0,237.254780,0.000040,0.082000,
0,0,0,2,0,0,0,0,0,0,0,241.853960,0.000030,0.940000,
0,0,0,2,0,0,0,0,0,1,0,57.254780,0.000040,0.070000,
0,0,0,2,0,0,0,0,1,-1,-1,125.531100,0.000020,0.075000,
0,0,0,2,0,0,0,0,1,1,-1,305.531100,0.000020,0.075000,
0,0,0,2,0,0,0,0,2,-3,0,235.089240,0.000030,0.072000,
0,0,0,2,0,0,0,0,2,-2,0,59.459560,0.000040,1.407000,
0,0,0,2,0,0,0,0,2,-1,0,55.089240,0.000030,0.080000,
0,0,0,2,0,0,0,0,2,0,0,59.459560,0.000040,0.039000,
0,0,0,3,0,0,0,0,-2,1,0,90.959650,0.000020,0.101000,
0,0,0,3,0,0,0,0,-2,3,0,90.959650,0.000020,0.060000,
0,0,0,3,0,0,0,0,0,-1,0,90.764550,0.000020,0.086000,
0,0,0,3,0,0,0,0,2,-3,0,120.706880,0.000020,0.074000,
0,0,0,3,0,0,0,0,2,-1,0,87.447600,0.000200,0.076000,
0,0,0,3,0,0,0,0,2,0,0,272.904390,0.000080,0.038000,
0,0,0,3,0,0,0,0,4,-3,0,90.764550,0.000020,0.088000,
0,0,0,4,0,0,0,0,2,-1,-2,132.428500,0.000030,0.076000,
0,0,0,4,0,0,0,0,2,1,-2,312.428500,0.000030,0.075000,
0,0,0,5,0,0,0,0,0,-1,0,341.399280,0.000030,0.094000,
0,0,0,5,0,0,0,0,0,0,0,161.350460,0.000050,0.376000,
0,0,0,5,0,0,0,0,0,1,0,161.399280,0.000030,0.063000,
0,0,0,5,0,0,0,0,2,0,0,341.399200,0.000150,0.037000,
0,0,0,6,0,0,0,0,0,0,0,190.462290,0.000020,0.313000,
0,0,0,6,0,0,0,0,0,2,0,190.462290,0.000020,0.034000,
0,0,0,6,0,0,0,0,2,-1,0,9.138430,0.000070,0.068000,
0,0,0,6,0,0,0,0,2,0,0,189.137140,0.000070,0.036000,
0,0,0,8,0,0,0,0,2,-1,0,248.397980,0.000030,0.064000,
0,0,1,-7,0,0,0,0,-2,0,0,350.125830,0.000060,0.036000,
0,0,1,-7,0,0,0,0,0,-2,0,349.461620,0.000020,0.034000,
0,0,1,-7,0,0,0,0,0,-1,0,349.467900,0.000030,0.063000,
0,0,1,-7,0,0,0,0,0,0,0,349.461620,0.000020,0.367000,
0,0,1,-7,0,0,0,0,0,1,0,169.467900,0.000030,0.095000,
0,0,1,-6,0,0,0,0,0,-1,0,18.499670,0.000030,0.065000,
0,0,1,-6,0,0,0,0,0,0,0,18.514200,0.000050,0.457000,
0,0,1,-6,0,0,0,0,0,1,0,198.499670,0.000030,0.090000,
0,0,1,-5,0,0,0,0,-2,1,0,61.575060,0.000090,0.076000,
0,0,1,-5,0,0,0,0,-2,3,0,34.545250,0.000040,0.075000,
0,0,1,-4,0,0,0,0,-2,0,0,264.849260,0.000100,0.039000,
0,0,1,-4,0,0,0,0,-2,1,0,274.469060,0.000040,0.079000,
0,0,1,-4,0,0,0,0,-2,2,0,103.193750,0.000020,1.545000,
0,0,1,-3,0,0,0,0,-2,0,0,120.586010,0.000060,0.039000,
0,0,1,-3,0,0,0,0,-2,1,0,125.197850,0.000060,0.083000,
0,0,1,-3,0,0,0,0,-2,2,0,312.094020,0.000020,0.848000,
0,0,1,-3,0,0,0,0,0,-1,0,118.247310,0.000100,0.072000,
0,0,1,-3,0,0,0,0,0,0,0,298.619540,0.000020,1.681000,
0,0,1,-3,0,0,0,0,0,1,0,298.247310,0.000100,0.079000,
0,0,1,-3,0,0,0,0,0,2,0,118.619540,0.000020,0.039000,
0,0,1,-3,0,0,0,0,2,0,0,298.317850,0.000250,0.041000,
0,0,1,-2,0,0,0,0,-2,0,0,145.306240,0.000240,0.040000,
0,0,1,-2,0,0,0,0,-2,1,0,150.818020,0.000240,0.087000,
0,0,1,-2,0,0,0,0,-2,3,0,333.899070,0.000020,0.067000,
0,0,1,-2,0,0,0,0,0,-1,0,132.984470,0.000520,0.075000,
0,0,1,-2,0,0,0,0,0,0,0,148.933940,0.000090,15.781000,
0,0,1,-2,0,0,0,0,0,1,0,312.929290,0.000520,0.076000,
0,0,1,-2,0,0,0,0,0,2,0,310.172030,0.000020,0.038000,
0,0,1,-2,0,0,0,0,2,-1,0,328.388670,0.000280,0.088000,
0,0,1,-2,0,0,0,0,2,0,0,322.628340,0.000220,0.041000,
0,0,1,-2,0,0,0,0,2,2,0,147.069400,0.000020,0.020000,
0,0,1,-1,0,0,0,0,-2,0,0,183.702540,0.000200,0.041000,
0,0,1,-1,0,0,0,0,-2,1,0,182.819010,0.000100,0.091000,
0,0,1,-1,0,0,0,0,0,-2,0,1.869780,0.000030,0.038000,
0,0,1,-1,0,0,0,0,0,0,0,4.869280,0.000030,2.135000,
0,0,1,-1,0,0,0,0,2,-1,0,356.927970,0.000050,0.084000,
0,0,1,-1,0,0,0,0,2,0,0,356.369780,0.000230,0.040000,
0,0,1,0,-3,0,0,0,-2,0,0,122.652030,0.000110,0.042000,
0,0,1,0,-3,0,0,0,-2,1,0,122.652060,0.000040,0.093000,
0,0,1,0,-3,0,0,0,0,-1,0,121.155350,0.000030,0.080000,
0,0,1,0,-3,0,0,0,0,1,0,301.155350,0.000030,0.071000,
0,0,1,0,-3,0,0,0,2,-1,0,303.685240,0.000030,0.082000,
0,0,1,0,-3,0,0,0,2,0,0,303.685240,0.000030,0.039000,
0,0,1,0,-2,0,0,0,-2,0,0,133.916600,0.000350,0.042000,
0,0,1,0,-2,0,0,0,-2,1,0,134.210330,0.000190,0.094000,
0,0,1,0,-2,0,0,0,0,-1,0,132.587560,0.000230,0.080000,
0,0,1,0,-2,0,0,0,0,0,0,314.047010,0.000040,1.203000,
0,0,1,0,-2,0,0,0,0,1,0,312.288040,0.000190,0.071000,
0,0,1,0,-2,0,0,0,1,-2,0,314.373790,0.000020,0.075000,
0,0,1,0,-2,0,0,0,1,0,0,314.373790,0.000020,0.076000,
0,0,1,0,-2,0,0,0,2,-1,0,312.305190,0.000080,0.081000,
0,0,1,0,-2,0,0,0,2,0,0,312.794130,0.000140,0.039000,
0,0,1,0,-1,0,0,0,-2,0,0,202.458350,0.000030,0.042000,
0,0,1,0,0,0,0,0,-2,-2,0,33.062800,0.000020,0.020000,
0,0,1,0,0,0,0,0,-2,0,0,138.157610,0.000040,0.042000,
0,0,1,0,0,0,0,0,-2,1,0,219.697110,0.000090,0.095000,
0,0,1,0,0,0,0,0,-2,2,0,51.916740,0.000040,0.360000,
0,0,1,0,0,0,0,0,-1,-1,1,282.417370,0.000020,0.089000,
0,0,1,0,0,0,0,0,-1,0,1,111.300720,0.000050,0.487000,
0,0,1,0,0,0,0,0,-1,1,-1,144.359240,0.000040,0.087000,
0,0,1,0,0,0,0,0,-1,1,1,102.417370,0.000020,0.065000,
0,0,1,0,0,0,0,0,0,-1,0,208.034990,0.000090,0.082000,
0,0,1,0,0,0,0,0,0,0,0,28.818970,0.000100,1.000000,
0,0,1,0,0,0,0,0,0,1,0,28.034990,0.000090,0.070000,
0,0,1,0,0,0,0,0,0,2,0,151.428960,0.000020,0.036000,
0,0,1,0,0,0,0,0,1,-3,1,263.824650,0.000020,0.077000,
0,0,1,0,0,0,0,0,1,-1,-1,217.390750,0.000080,0.075000,
0,0,1,0,0,0,0,0,1,-1,1,6.413720,0.000050,0.074000,
0,0,1,0,0,0,0,0,1,0,1,232.922050,0.000050,0.037000,
0,0,1,0,0,0,0,0,1,1,-1,37.390750,0.000080,0.076000,
0,0,1,0,0,0,0,0,2,-3,0,106.749430,0.000020,0.071000,
0,0,1,0,0,0,0,0,2,-2,0,85.595620,0.000020,1.292000,
0,0,1,0,0,0,0,0,2,-1,0,253.341030,0.000030,0.080000,
0,0,1,0,0,0,0,0,2,0,0,265.595620,0.000020,0.039000,
0,0,1,0,1,-5,0,0,-2,0,0,198.351930,0.000030,0.042000,
0,0,1,0,1,0,0,0,-2,0,0,263.944460,0.000060,0.042000,
0,0,1,0,2,-5,0,0,-2,0,0,254.340260,0.000200,0.042000,
0,0,1,0,2,-5,0,0,-2,1,0,254.340260,0.000070,0.095000,
0,0,1,0,2,-5,0,0,0,-1,0,253.607360,0.000070,0.082000,
0,0,1,0,2,-5,0,0,0,1,0,73.607360,0.000070,0.070000,
0,0,1,0,4,0,0,0,2,-3,0,157.725020,0.000020,0.073000,
0,0,1,0,4,0,0,0,2,-1,0,337.725020,0.000020,0.078000,
0,0,1,1,0,0,0,0,0,-1,0,61.798120,0.000040,0.085000,
0,0,1,1,0,0,0,0,0,0,0,246.089040,0.000100,0.653000,
0,0,1,1,0,0,0,0,0,1,0,241.798120,0.000040,0.068000,
0,0,1,1,0,0,0,0,2,-3,0,37.815950,0.000020,0.074000,
0,0,1,1,0,0,0,0,2,-1,0,76.058570,0.000070,0.077000,
0,0,1,1,0,0,0,0,2,0,0,231.572150,0.000060,0.038000,
0,0,1,2,0,0,0,0,2,-3,0,272.748140,0.000020,0.077000,
0,0,1,2,0,0,0,0,2,-1,0,269.676120,0.000100,0.074000,
0,0,1,2,0,0,0,0,2,0,0,269.175960,0.000060,0.037000,
0,0,1,3,0,0,0,0,0,0,0,312.360030,0.000030,0.385000,
0,0,1,3,0,0,0,0,2,-1,0,309.455600,0.000060,0.071000,
0,0,1,3,0,0,0,0,2,0,0,129.724210,0.000030,0.037000,
0,0,1,4,0,0,0,0,0,-1,0,341.267420,0.000030,0.099000,
0,0,1,4,0,0,0,0,0,0,0,161.249230,0.000060,0.320000,
0,0,1,4,0,0,0,0,0,1,0,161.267420,0.000030,0.061000,
0,0,1,4,0,0,0,0,2,0,0,341.312590,0.000200,0.036000,
0,0,1,5,0,0,0,0,0,0,0,190.404010,0.000020,0.273000,
0,0,1,5,0,0,0,0,0,2,0,190.404010,0.000020,0.033000,
0,0,1,5,0,0,0,0,2,-2,0,188.464570,0.000040,0.531000,
0,0,1,5,0,0,0,0,2,0,0,188.464570,0.000040,0.035000,
0,0,2,-11,0,0,0,0,-2,0,0,82.368510,0.000040,0.035000,
0,0,2,-8,0,0,0,0,-2,0,0,350.021800,0.000060,0.037000,
0,0,2,-8,0,0,0,0,0,-2,0,349.392860,0.000020,0.035000,
0,0,2,-8,0,0,0,0,0,-1,0,349.376640,0.000030,0.064000,
0,0,2,-8,0,0,0,0,0,0,0,349.392860,0.000020,0.444000,
0,0,2,-8,0,0,0,0,0,1,0,169.376640,0.000030,0.091000,
0,0,2,-7,0,0,0,0,-2,1,0,25.083040,0.000150,0.076000,
0,0,2,-7,0,0,0,0,-2,3,0,13.341520,0.000030,0.075000,
0,0,2,-7,0,0,0,0,0,-1,0,18.304930,0.000030,0.067000,
0,0,2,-7,0,0,0,0,2,-2,0,31.079660,0.000020,0.286000,
0,0,2,-7,0,0,0,0,2,0,0,31.079660,0.000020,0.043000,
0,0,2,-5,0,0,0,0,-2,0,0,270.394140,0.000100,0.039000,
0,0,2,-5,0,0,0,0,-2,1,0,270.402850,0.000100,0.082000,
0,0,2,-5,0,0,0,0,-2,2,0,254.583830,0.000020,0.896000,
0,0,2,-5,0,0,0,0,-2,3,0,254.432920,0.000020,0.070000,
0,0,2,-5,0,0,0,0,-1,1,-1,292.981140,0.000030,0.076000,
0,0,2,-5,0,0,0,0,-1,3,-1,292.981140,0.000030,0.075000,
0,0,2,-5,0,0,0,0,0,-1,0,95.188620,0.000040,0.072000,
0,0,2,-5,0,0,0,0,0,0,0,268.661580,0.000040,1.519000,
0,0,2,-5,0,0,0,0,0,1,0,275.188620,0.000040,0.079000,
0,0,2,-4,0,0,0,0,-2,0,0,121.037110,0.000150,0.040000,
0,0,2,-4,0,0,0,0,-2,1,0,118.348490,0.000090,0.086000,
0,0,2,-4,0,0,0,0,-2,3,0,123.352970,0.000020,0.067000,
0,0,2,-4,0,0,0,0,0,-1,0,111.840630,0.000200,0.075000,
0,0,2,-4,0,0,0,0,0,1,0,292.750970,0.000240,0.076000,
0,0,2,-4,0,0,0,0,0,2,0,118.142030,0.000030,0.038000,
0,0,2,-4,0,0,0,0,2,-1,0,299.774840,0.000160,0.088000,
0,0,2,-4,0,0,0,0,2,0,0,297.866410,0.000370,0.041000,
0,0,2,-3,0,0,0,0,-2,0,0,148.686250,0.000180,0.041000,
0,0,2,-3,0,0,0,0,-2,1,0,148.756220,0.000090,0.090000,
0,0,2,-3,0,0,0,0,0,-1,0,154.130250,0.000090,0.078000,
0,0,2,-3,0,0,0,0,0,0,0,326.395830,0.000040,2.470000,
0,0,2,-3,0,0,0,0,0,1,0,334.130250,0.000090,0.073000,
0,0,2,-3,0,0,0,0,2,-1,0,326.064330,0.000060,0.084000,
0,0,2,-3,0,0,0,0,2,0,0,326.724490,0.000260,0.040000,
0,0,2,-3,0,0,0,0,2,2,0,146.849840,0.000030,0.019000,
0,0,2,-2,0,0,0,0,-2,0,0,180.422210,0.000180,0.042000,
0,0,2,-2,0,0,0,0,0,-2,0,2.857820,0.000030,0.039000,
0,0,2,-2,0,0,0,0,0,-1,0,354.143150,0.000040,0.081000,
0,0,2,-2,0,0,0,0,0,0,0,182.857820,0.000030,1.068000,
0,0,2,-2,0,0,0,0,0,1,0,174.143150,0.000040,0.070000,
0,0,2,-2,0,0,0,0,2,-2,0,176.619720,0.000040,1.194000,
0,0,2,-2,0,0,0,0,2,0,0,356.612680,0.000080,0.039000,
0,0,2,-1,0,0,0,0,-2,0,0,212.773910,0.000240,0.043000,
0,0,2,-1,0,0,0,0,-2,2,0,212.559120,0.000030,0.308000,
0,0,2,-1,0,0,0,0,2,-3,0,34.802580,0.000020,0.074000,
0,0,2,-1,0,0,0,0,2,-1,0,214.802580,0.000020,0.077000,
0,0,2,0,-4,0,0,0,-2,0,0,341.456580,0.000060,0.043000,
0,0,2,0,-4,0,0,0,2,-1,0,339.644630,0.000120,0.076000,
0,0,2,0,-4,5,0,0,2,-1,0,164.546740,0.000040,0.075000,
0,0,2,0,-3,0,0,0,-2,0,0,333.088320,0.000210,0.043000,
0,0,2,0,-3,0,0,0,-2,1,0,333.088320,0.000050,0.103000,
0,0,2,0,-3,0,0,0,0,-1,0,329.602570,0.000400,0.087000,
0,0,2,0,-3,0,0,0,0,0,0,149.871280,0.000070,0.572000,
0,0,2,0,-3,0,0,0,0,1,0,152.566320,0.000030,0.067000,
0,0,2,0,-3,0,0,0,2,-3,0,150.397330,0.000060,0.075000,
0,0,2,0,-3,0,0,0,2,-2,0,149.310130,0.000120,37.133000,
0,0,2,0,-3,0,0,0,2,-1,0,329.337770,0.002250,0.076000,
0,0,2,0,-3,0,0,0,2,0,0,329.338620,0.000120,0.038000,
0,0,2,0,-3,0,0,0,4,-2,0,329.312380,0.000040,0.040000,
0,0,2,0,-2,0,0,0,-2,0,0,40.394870,0.000060,0.044000,
0,0,2,0,-2,0,0,0,2,-1,0,266.547660,0.000100,0.075000,
0,0,2,0,0,-5,0,0,-2,0,0,14.910520,0.000030,0.044000,
0,0,2,0,0,-5,0,0,2,-1,0,194.696840,0.000050,0.075000,
0,0,2,0,0,0,0,0,-2,-2,0,140.014870,0.000030,0.020000,
0,0,2,0,0,0,0,0,-2,0,0,155.243800,0.000110,0.044000,
0,0,2,0,0,0,0,0,0,-1,0,167.065840,0.000030,0.089000,
0,0,2,0,0,0,0,0,0,0,0,224.446080,0.000080,0.500000,
0,0,2,0,0,0,0,0,0,1,0,347.065840,0.000030,0.066000,
0,0,2,0,0,0,0,0,2,-3,0,85.031140,0.000020,0.077000,
0,0,2,0,0,0,0,0,2,-1,0,272.836130,0.000150,0.074000,
0,0,2,0,0,0,0,0,2,0,0,222.908790,0.000230,0.037000,
0,0,2,0,3,0,0,0,2,-1,0,157.759070,0.000040,0.073000,
0,0,2,1,0,0,0,0,2,-3,0,268.361840,0.000030,0.080000,
0,0,2,1,0,0,0,0,2,-1,0,88.361840,0.000030,0.071000,
0,0,2,2,0,0,0,0,-2,0,0,118.055570,0.000020,0.046000,
0,0,2,2,0,0,0,0,-2,2,0,118.055570,0.000020,0.207000,
0,0,2,2,0,0,0,0,2,-1,0,311.089810,0.000120,0.069000,
0,0,2,2,0,0,0,0,2,0,0,131.092550,0.000120,0.036000,
0,0,2,3,0,0,0,0,0,0,0,160.927670,0.000030,0.278000,
0,0,2,3,0,0,0,0,2,-1,0,340.563420,0.000060,0.066000,
0,0,2,3,0,0,0,0,2,0,0,341.164500,0.000190,0.035000,
0,0,3,-12,0,0,0,0,-2,0,0,82.225600,0.000060,0.036000,
0,0,3,-10,0,0,0,0,0,0,0,140.204350,0.000030,0.432000,
0,0,3,-9,0,0,0,0,-2,0,0,357.563850,0.000060,0.038000,
0,0,3,-9,0,0,0,0,0,-1,0,349.231330,0.000030,0.066000,
0,0,3,-9,0,0,0,0,0,1,0,169.231330,0.000030,0.087000,
0,0,3,-8,0,0,0,0,-2,1,0,19.709170,0.000040,0.079000,
0,0,3,-8,0,0,0,0,-2,3,0,199.709170,0.000040,0.073000,
0,0,3,-8,0,0,0,0,0,-1,0,18.231980,0.000050,0.069000,
0,0,3,-8,0,0,0,0,0,1,0,198.231980,0.000050,0.083000,
0,0,3,-8,0,0,0,0,2,0,0,30.736430,0.000050,0.043000,
0,0,3,-8,3,0,0,0,0,-1,0,194.867720,0.000020,0.070000,
0,0,3,-8,3,0,0,0,0,1,0,14.867720,0.000020,0.082000,
0,0,3,-8,3,0,0,0,2,-1,0,14.927890,0.000080,0.095000,
0,0,3,-8,3,0,0,0,2,0,0,14.927890,0.000220,0.042000,
0,0,3,-7,0,0,0,0,-2,0,0,239.761960,0.000100,0.039000,
0,0,3,-7,0,0,0,0,-2,1,0,241.504240,0.000110,0.082000,
0,0,3,-7,0,0,0,0,-1,1,-1,273.580240,0.000050,0.075000,
0,0,3,-7,0,0,0,0,0,-1,0,48.182610,0.000030,0.072000,
0,0,3,-7,0,0,0,0,0,1,0,228.182610,0.000030,0.080000,
0,0,3,-7,0,0,0,0,2,-3,0,59.523240,0.000020,0.063000,
0,0,3,-7,0,0,0,0,2,-1,0,59.523240,0.000020,0.093000,
0,0,3,-6,0,0,0,0,0,-1,0,79.814050,0.000140,0.074000,
0,0,3,-6,0,0,0,0,0,0,0,268.468520,0.000040,5.260000,
0,0,3,-6,0,0,0,0,0,1,0,259.814050,0.000140,0.077000,
0,0,3,-6,0,0,0,0,2,-1,0,279.600420,0.000020,0.089000,
0,0,3,-6,0,0,0,0,2,0,0,269.951060,0.000080,0.041000,
0,0,3,-5,0,0,0,0,-2,0,0,120.893230,0.000170,0.041000,
0,0,3,-5,0,0,0,0,0,-1,0,138.084970,0.000060,0.077000,
0,0,3,-5,0,0,0,0,0,1,-2,296.574240,0.000030,0.075000,
0,0,3,-5,0,0,0,0,0,1,0,318.084970,0.000060,0.074000,
0,0,3,-5,0,0,0,0,0,3,-2,116.574240,0.000030,0.075000,
0,0,3,-5,0,0,0,0,2,-3,0,296.154400,0.000030,0.068000,
0,0,3,-5,0,0,0,0,2,-1,0,297.020830,0.000070,0.085000,
0,0,3,-5,0,0,0,0,2,0,0,297.515200,0.000300,0.040000,
0,0,3,-4,0,0,0,0,-2,0,0,144.729420,0.000240,0.042000,
0,0,3,-4,0,0,0,0,-2,1,0,145.356590,0.000100,0.094000,
0,0,3,-4,0,0,0,0,0,-2,0,163.745280,0.000020,0.039000,
0,0,3,-4,0,0,0,0,0,-1,0,147.482590,0.000040,0.081000,
0,0,3,-4,0,0,0,0,0,1,0,327.482590,0.000040,0.071000,
0,0,3,-4,0,0,0,0,1,0,0,326.280530,0.000030,0.076000,
0,0,3,-4,0,0,0,0,2,0,0,327.205720,0.000250,0.039000,
0,0,3,-3,0,0,0,0,-2,0,0,183.612720,0.000190,0.043000,
0,0,3,-3,0,0,0,0,-2,1,0,183.004430,0.000040,0.099000,
0,0,3,-3,0,0,0,0,0,-2,0,2.782730,0.000030,0.040000,
0,0,3,-3,0,0,0,0,0,0,0,182.782730,0.000030,0.712000,
0,0,3,-3,0,0,0,0,2,-3,0,174.600990,0.000040,0.073000,
0,0,3,-3,0,0,0,0,2,-1,0,174.600990,0.000040,0.078000,
0,0,3,-3,0,0,0,0,2,0,0,356.127620,0.000040,0.038000,
0,0,3,-2,0,0,0,0,-2,0,0,212.667860,0.000190,0.044000,
0,0,3,-2,0,0,0,0,0,-1,0,35.587390,0.000030,0.088000,
0,0,3,-2,0,0,0,0,0,1,0,215.587390,0.000030,0.066000,
0,0,3,-2,0,0,0,0,2,-1,0,218.102700,0.000110,0.075000,
0,0,3,-2,0,0,0,0,2,0,0,32.173380,0.000050,0.037000,
0,0,3,-1,0,0,0,0,0,0,0,241.363960,0.000040,0.405000,
0,0,3,-1,0,0,0,0,2,-2,0,63.175560,0.000030,1.440000,
0,0,3,-1,0,0,0,0,2,-1,0,41.038960,0.000040,0.072000,
0,0,3,-1,0,0,0,0,2,0,0,246.021960,0.000130,0.037000,
0,0,3,0,-2,0,0,0,3,-1,-1,284.631910,0.000070,0.075000,
0,0,3,0,0,0,0,0,0,-1,0,111.949750,0.000030,0.098000,
0,0,3,0,0,0,0,0,0,0,0,291.949750,0.000060,0.333000,
0,0,3,0,0,0,0,0,0,1,0,291.949750,0.000030,0.062000,
0,0,3,0,0,0,0,0,2,0,0,229.832130,0.000280,0.036000,
0,0,3,1,0,0,0,0,0,0,0,131.989690,0.000020,0.283000,
0,0,3,1,0,0,0,0,0,2,0,131.989690,0.000020,0.033000,
0,0,3,1,0,0,0,0,2,-1,0,130.196710,0.000070,0.067000,
0,0,3,1,0,0,0,0,2,0,0,130.315140,0.000060,0.035000,
0,0,3,2,0,0,0,0,2,-2,0,342.191070,0.000030,0.437000,
0,0,3,2,0,0,0,0,2,0,0,162.191070,0.000030,0.035000,
0,0,3,4,0,0,0,0,2,-1,0,219.151530,0.000040,0.060000,
0,0,3,5,0,0,0,0,2,0,0,68.039090,0.000040,0.033000,
0,0,4,-13,0,0,0,0,-2,0,0,82.163060,0.000030,0.036000,
0,0,4,-13,0,0,0,0,-2,2,0,262.163060,0.000030,0.879000,
0,0,4,-11,0,0,0,0,-2,1,0,330.987710,0.000050,0.075000,
0,0,4,-11,0,0,0,0,0,-1,0,320.176780,0.000020,0.066000,
0,0,4,-11,0,0,0,0,0,0,0,140.130260,0.000030,0.541000,
0,0,4,-11,0,0,0,0,0,1,0,140.176780,0.000020,0.088000,
0,0,4,-10,0,0,0,0,-2,0,0,1.821780,0.000040,0.038000,
0,0,4,-10,0,0,0,0,0,-1,0,349.115090,0.000040,0.069000,
0,0,4,-10,0,0,0,0,0,1,0,169.115090,0.000040,0.084000,
0,0,4,-9,0,0,0,0,2,-2,0,210.506410,0.000030,0.391000,
0,0,4,-9,0,0,0,0,2,0,0,30.506410,0.000030,0.042000,
0,0,4,-8,0,0,0,0,-2,0,0,237.929780,0.000120,0.040000,
0,0,4,-8,0,0,0,0,-2,1,0,234.067820,0.000030,0.085000,
0,0,4,-8,0,0,0,0,-2,3,0,234.067820,0.000030,0.068000,
0,0,4,-8,0,0,0,0,0,-1,0,62.130100,0.000080,0.074000,
0,0,4,-8,0,0,0,0,0,1,0,242.130100,0.000080,0.077000,
0,0,4,-8,0,0,0,0,2,0,0,241.465060,0.000040,0.041000,
0,0,4,-8,3,0,0,0,-4,1,0,91.931480,0.000040,0.028000,
0,0,4,-8,3,0,0,0,-2,-1,0,91.931480,0.000150,0.026000,
0,0,4,-8,3,0,0,0,-2,0,0,91.970230,0.001340,0.040000,
0,0,4,-8,3,0,0,0,-2,1,0,92.132350,0.001310,0.087000,
0,0,4,-8,3,0,0,0,-2,2,0,272.442980,0.000060,0.564000,
0,0,4,-8,3,0,0,0,0,-2,0,91.353930,0.000110,0.038000,
0,0,4,-8,3,0,0,0,0,-1,0,91.297650,0.001780,0.075000,
0,0,4,-8,3,0,0,0,0,1,0,271.297850,0.001780,0.075000,
0,0,4,-8,3,0,0,0,0,2,0,271.353960,0.000110,0.038000,
0,0,4,-8,3,0,0,0,2,-2,0,92.444410,0.000060,0.564000,
0,0,4,-8,3,0,0,0,2,-1,0,272.133640,0.001320,0.087000,
0,0,4,-8,3,0,0,0,2,0,0,271.971250,0.001340,0.040000,
0,0,4,-8,3,0,0,0,2,1,0,271.932670,0.000150,0.026000,
0,0,4,-8,3,0,0,0,4,-1,0,271.932670,0.000040,0.028000,
0,0,4,-7,0,0,0,0,-2,0,0,88.702570,0.000050,0.041000,
0,0,4,-7,0,0,0,0,-2,2,0,88.702570,0.000050,0.487000,
0,0,4,-7,0,0,0,0,0,-1,0,88.816990,0.000040,0.077000,
0,0,4,-7,0,0,0,0,0,0,0,268.455560,0.000020,3.594000,
0,0,4,-7,0,0,0,0,0,1,0,268.816990,0.000040,0.074000,
0,0,4,-7,0,0,0,0,0,2,0,268.455560,0.000020,0.037000,
0,0,4,-7,0,0,0,0,2,-2,0,88.279100,0.000030,0.669000,
0,0,4,-7,0,0,0,0,2,-1,0,268.563660,0.000060,0.085000,
0,0,4,-7,0,0,0,0,2,0,0,268.279100,0.000030,0.040000,
0,0,4,-6,0,0,0,0,-2,0,0,118.491790,0.000180,0.042000,
0,0,4,-6,0,0,0,0,2,0,0,297.583680,0.000280,0.039000,
0,0,4,-5,0,0,0,0,0,0,0,156.055510,0.000050,0.745000,
0,0,4,-5,0,0,0,0,0,2,0,147.495490,0.000020,0.036000,
0,0,4,-5,0,0,0,0,2,-3,0,329.200330,0.000040,0.073000,
0,0,4,-5,0,0,0,0,2,0,0,326.853080,0.000180,0.038000,
0,0,4,-4,0,0,0,0,-2,0,0,182.042150,0.000160,0.044000,
0,0,4,-4,0,0,0,0,0,-2,0,25.980260,0.000020,0.041000,
0,0,4,-4,0,0,0,0,0,0,0,205.980260,0.000020,0.534000,
0,0,4,-4,0,0,0,0,2,-3,0,201.316700,0.000020,0.076000,
0,0,4,-4,0,0,0,0,2,-1,0,177.580800,0.000090,0.075000,
0,0,4,-3,0,0,0,0,0,-2,0,33.002360,0.000020,0.041000,
0,0,4,-3,0,0,0,0,0,-1,0,32.538690,0.000030,0.092000,
0,0,4,-3,0,0,0,0,0,0,0,225.909630,0.000050,0.416000,
0,0,4,-3,0,0,0,0,0,1,0,212.538690,0.000030,0.064000,
0,0,4,-3,0,0,0,0,0,2,0,57.710240,0.000020,0.035000,
0,0,4,-3,0,0,0,0,2,-2,0,19.479750,0.000030,1.585000,
0,0,4,-3,0,0,0,0,2,0,0,199.479750,0.000030,0.037000,
0,0,4,-2,0,0,0,0,0,0,0,240.993470,0.000030,0.341000,
0,0,4,-2,0,0,0,0,2,-3,0,247.994730,0.000030,0.083000,
0,0,4,-2,0,0,0,0,2,-1,0,61.407670,0.000070,0.069000,
0,0,4,-2,0,0,0,0,2,0,0,244.477780,0.000130,0.036000,
0,0,4,0,0,0,0,0,0,0,0,120.867890,0.000050,0.250000,
0,0,4,0,0,0,0,0,0,2,0,120.867890,0.000050,0.033000,
0,0,4,0,0,0,0,0,2,-1,0,287.545570,0.000070,0.065000,
0,0,4,0,0,0,0,0,2,0,0,84.757480,0.000110,0.035000,
0,0,4,1,0,0,0,0,0,-1,0,161.191720,0.000020,0.115000,
0,0,4,1,0,0,0,0,0,1,0,341.191720,0.000020,0.056000,
0,0,4,1,0,0,0,0,2,0,0,341.351960,0.000140,0.034000,
0,0,5,-14,0,0,0,0,-2,0,0,82.102800,0.000030,0.037000,
0,0,5,-14,0,0,0,0,-2,2,0,262.102800,0.000030,1.494000,
0,0,5,-13,0,0,0,0,-2,1,0,286.442350,0.000020,0.075000,
0,0,5,-13,0,0,0,0,-2,3,0,286.442350,0.000020,0.076000,
0,0,5,-12,0,0,0,0,0,-1,0,320.067520,0.000030,0.068000,
0,0,5,-12,0,0,0,0,0,1,0,140.067520,0.000030,0.084000,
0,0,5,-11,0,0,0,0,-2,0,0,11.362500,0.000020,0.039000,
0,0,5,-11,0,0,0,0,-2,2,0,11.362500,0.000020,1.081000,
0,0,5,-10,0,0,0,0,0,-1,0,214.317830,0.000020,0.074000,
0,0,5,-10,0,0,0,0,0,1,0,34.317830,0.000020,0.077000,
0,0,5,-9,0,0,0,0,-2,1,0,56.153460,0.000050,0.089000,
0,0,5,-9,0,0,0,0,0,-1,0,235.039120,0.000070,0.077000,
0,0,5,-9,0,0,0,0,0,1,0,55.039120,0.000070,0.074000,
0,0,5,-9,0,0,0,0,2,-1,0,239.121930,0.000030,0.085000,
0,0,5,-9,0,0,0,0,2,0,0,239.470070,0.000060,0.040000,
0,0,5,-8,0,0,0,0,-2,0,0,90.684810,0.000050,0.042000,
0,0,5,-8,0,0,0,0,1,-3,1,191.587430,0.000020,0.076000,
0,0,5,-8,0,0,0,0,1,-1,1,141.866790,0.000040,0.075000,
0,0,5,-8,3,0,0,0,-2,0,0,349.658450,0.000220,0.042000,
0,0,5,-8,3,0,0,0,-2,1,0,349.658450,0.000080,0.095000,
0,0,5,-8,3,0,0,0,0,-1,0,350.728770,0.000020,0.082000,
0,0,5,-8,3,0,0,0,0,1,0,170.728770,0.000020,0.070000,
0,0,5,-7,0,0,0,0,-2,0,0,121.526450,0.000030,0.043000,
0,0,5,-7,0,0,0,0,-2,1,0,305.454510,0.000060,0.098000,
0,0,5,-7,0,0,0,0,-2,2,0,301.526450,0.000030,0.328000,
0,0,5,-7,0,0,0,0,0,0,0,298.013400,0.000060,0.782000,
0,0,5,-7,0,0,0,0,0,2,0,117.287910,0.000020,0.036000,
0,0,5,-7,0,0,0,0,2,-2,0,120.983170,0.000030,2.017000,
0,0,5,-7,0,0,0,0,2,-1,0,139.451470,0.000040,0.078000,
0,0,5,-7,0,0,0,0,2,0,0,297.290540,0.000200,0.038000,
0,0,5,-6,0,0,0,0,-2,0,0,146.375210,0.000060,0.044000,
0,0,5,-6,0,0,0,0,0,-1,0,157.556290,0.000060,0.087000,
0,0,5,-6,0,0,0,0,0,0,0,164.142490,0.000020,0.553000,
0,0,5,-6,0,0,0,0,2,-3,0,293.138170,0.000030,0.076000,
0,0,5,-6,0,0,0,0,2,-1,0,157.557600,0.000350,0.075000,
0,0,5,-5,0,0,0,0,-2,0,0,182.101410,0.000040,0.045000,
0,0,5,-5,0,0,0,0,-2,2,0,2.101410,0.000040,0.243000,
0,0,5,-5,0,0,0,0,0,-2,0,20.499540,0.000030,0.041000,
0,0,5,-5,0,0,0,0,0,0,0,193.387550,0.000050,0.427000,
0,0,5,-5,0,0,0,0,0,2,0,2.981490,0.000020,0.035000,
0,0,5,-5,0,0,0,0,2,-3,0,3.011570,0.000020,0.079000,
0,0,5,-5,0,0,0,0,2,-1,0,183.011570,0.000020,0.072000,
0,0,5,-4,0,0,0,0,-2,1,0,32.306070,0.000050,0.116000,
0,0,5,-4,0,0,0,0,0,0,0,212.624440,0.000070,0.348000,
0,0,5,-4,0,0,0,0,2,-3,0,45.147260,0.000020,0.082000,
0,0,5,-4,0,0,0,0,2,-1,0,32.343030,0.000110,0.070000,
0,0,5,-4,0,0,0,0,2,0,0,204.708810,0.000080,0.036000,
0,0,5,-3,0,0,0,0,2,-1,0,70.065320,0.000100,0.067000,
0,0,5,-2,0,0,0,0,-2,0,0,87.286920,0.000020,0.048000,
0,0,5,-2,0,0,0,0,-2,2,0,267.286920,0.000020,0.175000,
0,0,5,0,0,0,0,0,0,0,0,160.944840,0.000040,0.200000,
0,0,5,0,0,0,0,0,2,-3,0,160.956660,0.000030,0.100000,
0,0,5,0,0,0,0,0,2,-1,0,25.378230,0.000170,0.061000,
0,0,5,0,0,0,0,0,2,0,0,14.947550,0.000450,0.034000,
0,0,5,0,0,0,0,0,4,0,0,18.015100,0.000040,0.018000,
0,0,6,-16,0,0,0,0,-2,1,0,233.054940,0.000060,0.071000,
0,0,6,-15,0,0,0,0,-2,0,0,82.038470,0.000030,0.037000,
0,0,6,-15,0,0,0,0,-2,2,0,262.038470,0.000030,4.969000,
0,0,6,-14,0,0,0,0,-2,1,0,310.758920,0.000030,0.077000,
0,0,6,-14,0,0,0,0,-2,3,0,130.758920,0.000030,0.074000,
0,0,6,-13,0,0,0,0,-1,0,0,319.903970,0.000030,0.075000,
0,0,6,-13,0,0,0,0,0,-1,0,319.906720,0.000040,0.071000,
0,0,6,-13,0,0,0,0,0,1,0,139.906720,0.000040,0.081000,
0,0,6,-12,0,0,0,0,0,-1,0,171.400000,0.000020,0.073000,
0,0,6,-12,0,0,0,0,0,1,0,351.400000,0.000020,0.078000,
0,0,6,-11,0,0,0,0,-2,0,0,30.571020,0.000060,0.041000,
0,0,6,-11,0,0,0,0,0,-1,0,208.268810,0.000020,0.076000,
0,0,6,-11,0,0,0,0,0,1,0,28.268810,0.000020,0.075000,
0,0,6,-11,0,0,0,0,2,0,0,210.086660,0.000040,0.040000,
0,0,6,-10,0,0,0,0,-2,0,0,59.010060,0.000030,0.042000,
0,0,6,-10,0,0,0,0,0,-1,0,85.189260,0.000020,0.080000,
0,0,6,-10,0,0,0,0,0,1,0,265.189260,0.000020,0.072000,
0,0,6,-10,0,0,0,0,2,-1,0,240.272240,0.000030,0.082000,
0,0,6,-9,0,0,0,0,-2,0,0,267.630990,0.000030,0.043000,
0,0,6,-9,0,0,0,0,-2,2,0,87.630990,0.000030,0.335000,
0,0,6,-9,0,0,0,0,2,-3,0,95.181660,0.000030,0.072000,
0,0,6,-9,0,0,0,0,2,-1,0,95.181660,0.000030,0.079000,
0,0,6,-8,0,0,0,0,-2,0,0,120.889660,0.000060,0.043000,
0,0,6,-8,0,0,0,0,-2,2,0,304.011350,0.000030,0.284000,
0,0,6,-8,0,0,0,0,0,-1,0,320.902390,0.000060,0.087000,
0,0,6,-8,0,0,0,0,0,0,0,297.541390,0.000020,0.573000,
0,0,6,-8,0,0,0,0,0,1,0,295.990060,0.000030,0.067000,
0,0,6,-8,0,0,0,0,0,2,0,297.541390,0.000020,0.035000,
0,0,6,-8,0,0,0,0,2,-3,0,333.241070,0.000020,0.075000,
0,0,6,-8,0,0,0,0,2,-2,0,120.031570,0.000040,36.376000,
0,0,6,-8,0,0,0,0,2,-1,0,313.695520,0.000510,0.076000,
0,0,6,-8,0,0,0,0,2,0,0,305.358360,0.000080,0.038000,
0,0,6,-7,0,0,0,0,-2,0,0,152.667330,0.000050,0.045000,
0,0,6,-7,0,0,0,0,-2,1,0,334.492370,0.000050,0.109000,
0,0,6,-7,0,0,0,0,0,0,0,157.633350,0.000040,0.439000,
0,0,6,-7,0,0,0,0,2,0,0,326.977720,0.000030,0.037000,
0,0,6,-6,0,0,0,0,-2,0,0,183.959350,0.000020,0.046000,
0,0,6,-6,0,0,0,0,-2,1,0,3.423030,0.000060,0.115000,
0,0,6,-6,0,0,0,0,-2,2,0,3.959350,0.000020,0.218000,
0,0,6,-6,0,0,0,0,0,-2,0,81.402450,0.000020,0.042000,
0,0,6,-6,0,0,0,0,0,0,0,196.348270,0.000090,0.356000,
0,0,6,-6,0,0,0,0,2,-3,0,168.666810,0.000030,0.082000,
0,0,6,-6,0,0,0,0,2,-1,0,168.666810,0.000030,0.070000,
0,0,6,-5,0,0,0,0,2,-1,0,23.377050,0.000060,0.067000,
0,0,6,-5,0,0,0,0,2,0,0,212.415540,0.000100,0.036000,
0,0,6,-4,0,0,0,0,2,-1,0,72.196930,0.000090,0.065000,
0,0,6,-3,0,0,0,0,2,-3,0,281.222340,0.000040,0.094000,
0,0,6,-3,0,0,0,0,2,-1,0,101.222340,0.000040,0.063000,
0,0,6,-2,0,0,0,0,2,-3,0,311.388220,0.000020,0.099000,
0,0,6,-2,0,0,0,0,2,-2,0,311.324500,0.000020,0.316000,
0,0,6,-2,0,0,0,0,2,-1,0,131.388220,0.000020,0.061000,
0,0,6,-2,0,0,0,0,2,0,0,132.437200,0.000070,0.034000,
0,0,6,0,0,0,0,0,0,0,0,316.152280,0.000040,0.167000,
0,0,6,0,0,0,0,0,2,-1,0,215.053650,0.000030,0.057000,
0,0,6,0,0,0,0,0,2,0,0,108.960650,0.000190,0.033000,
0,0,7,-16,0,0,0,0,-2,0,0,81.965220,0.000070,0.038000,
0,0,7,-16,0,0,0,0,-2,1,0,263.371280,0.000030,0.077000,
0,0,7,-16,0,0,0,0,-2,3,0,263.371280,0.000030,0.074000,
0,0,7,-15,0,0,0,0,-2,1,0,111.349140,0.000040,0.080000,
0,0,7,-15,0,0,0,0,0,-1,0,290.910860,0.000020,0.070000,
0,0,7,-15,0,0,0,0,0,1,0,110.910860,0.000020,0.081000,
0,0,7,-14,0,0,0,0,-2,1,0,140.223390,0.000030,0.084000,
0,0,7,-13,0,0,0,0,-2,0,0,3.308800,0.000060,0.041000,
0,0,7,-13,0,0,0,0,-2,1,0,153.201840,0.000030,0.088000,
0,0,7,-13,0,0,0,0,2,0,0,181.148370,0.000060,0.040000,
0,0,7,-11,0,0,0,0,-2,0,0,250.855440,0.000040,0.042000,
0,0,7,-11,0,0,0,0,0,-1,0,59.217390,0.000020,0.083000,
0,0,7,-11,0,0,0,0,0,1,0,239.217390,0.000020,0.069000,
0,0,7,-10,0,0,0,0,0,-1,0,88.438470,0.000020,0.086000,
0,0,7,-10,0,0,0,0,0,1,0,268.438470,0.000020,0.067000,
0,0,7,-10,0,0,0,0,2,-1,0,248.983110,0.000120,0.076000,
0,0,7,-9,0,0,0,0,-2,0,0,123.575740,0.000100,0.044000,
0,0,7,-9,0,0,0,0,2,0,0,297.047400,0.000070,0.037000,
0,0,7,-8,0,0,0,0,-2,0,0,158.729990,0.000060,0.045000,
0,0,7,-8,0,0,0,0,-2,1,0,334.390840,0.000020,0.114000,
0,0,7,-8,0,0,0,0,-2,3,0,334.390840,0.000020,0.056000,
0,0,7,-8,0,0,0,0,0,0,0,156.862180,0.000040,0.364000,
0,0,7,-7,0,0,0,0,-2,0,0,182.522920,0.000060,0.047000,
0,0,7,-7,0,0,0,0,2,-2,0,358.325390,0.000030,0.665000,
0,0,7,-7,0,0,0,0,2,-1,0,356.356430,0.000080,0.068000,
0,0,7,-7,0,0,0,0,2,0,0,178.325390,0.000030,0.036000,
0,0,7,-6,0,0,0,0,0,0,0,212.986860,0.000060,0.262000,
0,0,7,-6,0,0,0,0,2,-2,0,36.871280,0.000020,0.491000,
0,0,7,-6,0,0,0,0,2,-1,0,210.348140,0.000030,0.065000,
0,0,7,-6,0,0,0,0,2,0,0,216.066970,0.000140,0.035000,
0,0,7,-5,0,0,0,0,2,-1,0,72.434560,0.000100,0.063000,
0,0,7,-4,0,0,0,0,2,-1,0,101.228210,0.000050,0.061000,
0,0,7,-4,0,0,0,0,2,0,0,101.421380,0.000040,0.034000,
0,0,7,-3,0,0,0,0,2,-1,0,131.256720,0.000040,0.059000,
0,0,7,-3,0,0,0,0,2,0,0,131.528540,0.000070,0.033000,
0,0,8,-17,0,0,0,0,-2,0,0,81.879300,0.000060,0.039000,
0,0,8,-16,0,0,0,0,0,-1,0,290.535280,0.000020,0.073000,
0,0,8,-16,0,0,0,0,0,1,0,110.535280,0.000020,0.078000,
0,0,8,-15,0,0,0,0,-2,0,0,334.145060,0.000160,0.040000,
0,0,8,-15,0,0,0,0,-2,1,0,344.807890,0.000090,0.087000,
0,0,8,-15,0,0,0,0,0,-1,0,325.676520,0.000250,0.076000,
0,0,8,-15,0,0,0,0,0,1,0,146.441420,0.000290,0.075000,
0,0,8,-15,0,0,0,0,2,-1,0,154.182380,0.000150,0.087000,
0,0,8,-15,0,0,0,0,2,0,0,152.157630,0.000180,0.040000,
0,0,8,-14,0,0,0,0,-2,1,0,168.008980,0.000020,0.092000,
0,0,8,-14,0,0,0,0,-2,3,0,168.008980,0.000020,0.064000,
0,0,8,-14,0,0,0,0,0,-1,0,163.303890,0.000030,0.079000,
0,0,8,-14,0,0,0,0,0,1,0,343.303890,0.000030,0.072000,
0,0,8,-13,0,0,0,0,-2,0,0,200.372410,0.000090,0.042000,
0,0,8,-12,0,0,0,0,-2,0,0,246.103730,0.000050,0.043000,
0,0,8,-11,0,0,0,0,2,-3,0,95.506060,0.000040,0.078000,
0,0,8,-11,0,0,0,0,2,-1,0,275.506060,0.000040,0.073000,
0,0,8,-10,0,0,0,0,-2,0,0,126.725490,0.000090,0.045000,
0,0,8,-10,0,0,0,0,0,0,0,297.335250,0.000030,0.373000,
0,0,8,-10,0,0,0,0,2,-2,0,297.643690,0.000040,1.100000,
0,0,8,-10,0,0,0,0,2,0,0,297.643690,0.000040,0.036000,
0,0,8,-9,0,0,0,0,-2,0,0,147.584840,0.000070,0.046000,
0,0,8,-9,0,0,0,0,0,0,0,153.879760,0.000050,0.311000,
0,0,8,-9,0,0,0,0,2,-3,0,144.166420,0.000020,0.085000,
0,0,8,-9,0,0,0,0,2,-1,0,144.166420,0.000020,0.068000,
0,0,8,-9,0,0,0,0,2,0,0,323.512050,0.000040,0.036000,
0,0,8,-8,0,0,0,0,0,-2,0,2.776590,0.000030,0.044000,
0,0,8,-8,0,0,0,0,0,0,0,182.776590,0.000030,0.267000,
0,0,8,-8,0,0,0,0,2,-3,0,335.808970,0.000020,0.089000,
0,0,8,-8,0,0,0,0,2,-2,0,167.578570,0.000020,0.507000,
0,0,8,-8,0,0,0,0,2,-1,0,335.808970,0.000020,0.066000,
0,0,8,-8,0,0,0,0,2,0,0,167.578570,0.000020,0.035000,
0,0,8,-7,0,0,0,0,-2,0,0,211.422010,0.000030,0.049000,
0,0,8,-7,0,0,0,0,0,0,0,211.479950,0.000050,0.234000,
0,0,8,-7,0,0,0,0,2,0,0,217.237900,0.000110,0.034000,
0,0,8,-6,0,0,0,0,2,-3,0,73.467790,0.000030,0.098000,
0,0,8,-6,0,0,0,0,2,-2,0,71.914240,0.000060,0.329000,
0,0,8,-6,0,0,0,0,2,-1,0,73.467790,0.000030,0.061000,
0,0,8,-6,0,0,0,0,2,0,0,250.894330,0.000030,0.034000,
0,0,8,-5,0,0,0,0,2,-2,0,115.089050,0.000020,0.280000,
0,0,8,-5,0,0,0,0,2,0,0,115.089050,0.000020,0.033000,
0,0,8,-4,0,0,0,0,2,0,0,130.837450,0.000060,0.033000,
0,0,9,-19,0,0,0,0,-2,1,0,52.849270,0.000060,0.079000,
0,0,9,-18,0,0,0,0,-2,0,0,81.777770,0.000060,0.040000,
0,0,9,-18,0,0,0,0,-2,1,0,81.777770,0.000050,0.083000,
0,0,9,-18,0,0,0,0,0,-1,0,261.777760,0.000020,0.072000,
0,0,9,-18,0,0,0,0,0,1,0,81.777760,0.000020,0.079000,
0,0,9,-17,0,0,0,0,-2,0,0,303.331630,0.000050,0.040000,
0,0,9,-17,0,0,0,0,0,-1,0,252.123830,0.000020,0.075000,
0,0,9,-17,0,0,0,0,0,1,0,72.123830,0.000020,0.076000,
0,0,9,-17,0,0,0,0,2,-1,0,123.600020,0.000030,0.087000,
0,0,9,-17,0,0,0,0,2,0,0,123.600020,0.000060,0.040000,
0,0,9,-16,0,0,0,0,-2,0,0,139.893090,0.000030,0.041000,
0,0,9,-16,0,0,0,0,-2,1,0,139.324340,0.000020,0.091000,
0,0,9,-16,0,0,0,0,-2,3,0,139.324340,0.000020,0.064000,
0,0,9,-16,0,0,0,0,0,-1,0,139.367470,0.000040,0.078000,
0,0,9,-16,0,0,0,0,0,1,0,319.367470,0.000040,0.073000,
0,0,9,-15,0,0,0,0,-2,0,0,199.885450,0.000080,0.042000,
0,0,9,-15,0,0,0,0,2,-1,0,1.134000,0.000040,0.080000,
0,0,9,-14,0,0,0,0,2,-2,0,210.162550,0.000030,4.596000,
0,0,9,-14,0,0,0,0,2,0,0,30.162550,0.000030,0.038000,
0,0,9,-13,0,0,0,0,-2,0,0,257.860880,0.000050,0.044000,
0,0,9,-13,0,0,0,0,2,-3,0,245.900780,0.000030,0.077000,
0,0,9,-13,0,0,0,0,2,-1,0,245.900780,0.000030,0.074000,
0,0,9,-12,0,0,0,0,2,-3,0,88.506310,0.000040,0.081000,
0,0,9,-12,0,0,0,0,2,-2,0,88.731300,0.000020,1.182000,
0,0,9,-12,0,0,0,0,2,-1,0,88.506310,0.000040,0.071000,
0,0,9,-12,0,0,0,0,2,0,0,268.731300,0.000020,0.037000,
0,0,9,-11,0,0,0,0,-2,0,0,125.591730,0.000060,0.046000,
0,0,9,-10,0,0,0,0,-2,0,0,152.183830,0.000110,0.047000,
0,0,9,-10,0,0,0,0,0,0,0,153.746130,0.000040,0.272000,
0,0,9,-10,0,0,0,0,2,-3,0,145.617770,0.000030,0.088000,
0,0,9,-10,0,0,0,0,2,-1,0,325.617770,0.000030,0.066000,
0,0,9,-9,0,0,0,0,0,0,0,194.387180,0.000050,0.237000,
0,0,9,-8,0,0,0,0,2,0,0,223.161010,0.000100,0.034000,
0,0,9,-7,0,0,0,0,2,-2,0,71.719530,0.000040,0.285000,
0,0,9,-7,0,0,0,0,2,0,0,251.719530,0.000040,0.033000,
0,0,9,-6,0,0,0,0,2,-1,0,102.544350,0.000060,0.058000,
0,0,10,-19,0,0,0,0,-2,0,0,81.658160,0.000060,0.040000,
0,0,10,-19,0,3,0,0,-2,0,0,252.297790,0.000100,0.040000,
0,0,10,-19,0,3,0,0,-2,1,0,252.297790,0.000060,0.087000,
0,0,10,-19,0,3,0,0,2,-1,0,72.297790,0.000060,0.087000,
0,0,10,-19,0,3,0,0,2,0,0,72.297790,0.000100,0.040000,
0,0,10,-18,0,0,0,0,-2,0,0,110.458140,0.000070,0.041000,
0,0,10,-18,0,0,0,0,-2,1,0,290.435320,0.000030,0.090000,
0,0,10,-18,0,0,0,0,0,-1,0,110.429740,0.000040,0.078000,
0,0,10,-18,0,0,0,0,0,1,0,290.429740,0.000040,0.073000,
0,0,10,-17,0,0,0,0,-2,0,0,139.779730,0.000030,0.042000,
0,0,10,-17,0,0,0,0,-2,2,0,319.779730,0.000030,0.366000,
0,0,10,-16,0,0,0,0,-2,0,0,167.041850,0.000060,0.043000,
0,0,10,-15,0,0,0,0,2,-3,0,211.202990,0.000020,0.077000,
0,0,10,-15,0,0,0,0,2,-2,0,210.124080,0.000030,3.989000,
0,0,10,-15,0,0,0,0,2,-1,0,29.390530,0.000060,0.074000,
0,0,10,-15,0,0,0,0,2,0,0,30.124080,0.000030,0.037000,
0,0,10,-14,0,0,0,0,-2,0,0,245.966190,0.000020,0.045000,
0,0,10,-14,0,0,0,0,-2,2,0,245.966190,0.000020,0.231000,
0,0,10,-14,0,0,0,0,2,-3,0,239.711250,0.000020,0.080000,
0,0,10,-14,0,0,0,0,2,-1,0,59.711250,0.000020,0.071000,
0,0,10,-12,0,0,0,0,-2,0,0,125.321870,0.000030,0.047000,
0,0,10,-12,0,0,0,0,-2,2,0,125.321870,0.000030,0.185000,
0,0,10,-12,0,0,0,0,2,-1,0,117.454700,0.000030,0.066000,
0,0,10,-11,0,0,0,0,-2,0,0,153.167810,0.000040,0.049000,
0,0,10,-11,0,0,0,0,0,0,0,146.387240,0.000040,0.241000,
0,0,10,-11,0,0,0,0,2,-3,0,324.922400,0.000030,0.092000,
0,0,10,-11,0,0,0,0,2,-2,0,325.128350,0.000030,0.421000,
0,0,10,-11,0,0,0,0,2,-1,0,324.922400,0.000030,0.064000,
0,0,10,-11,0,0,0,0,2,0,0,145.128350,0.000030,0.035000,
0,0,10,-10,0,0,0,0,0,0,0,182.250340,0.000050,0.214000,
0,0,10,-9,0,0,0,0,2,0,0,223.172630,0.000100,0.033000,
0,0,10,-8,0,0,0,0,2,0,0,251.745390,0.000070,0.033000,
0,0,10,-7,0,0,0,0,2,-2,0,99.918060,0.000030,0.222000,
0,0,10,-7,0,0,0,0,2,0,0,279.918060,0.000030,0.032000,
0,0,10,-6,0,0,0,0,2,-1,0,131.321700,0.000030,0.055000,
0,0,11,-21,0,0,0,0,-2,0,0,232.612710,0.000030,0.040000,
0,0,11,-21,0,0,0,0,0,-1,0,232.417520,0.000020,0.075000,
0,0,11,-21,0,0,0,0,0,1,0,52.417520,0.000020,0.076000,
0,0,11,-20,0,0,0,0,-2,0,0,81.518390,0.000050,0.041000,
0,0,11,-20,0,0,0,0,0,-1,0,81.518380,0.000030,0.078000,
0,0,11,-20,0,0,0,0,0,1,0,261.518380,0.000030,0.073000,
0,0,11,-19,0,0,0,0,-2,0,0,110.251770,0.000060,0.042000,
0,0,11,-18,0,0,0,0,-2,0,0,138.716840,0.000070,0.043000,
0,0,11,-18,0,0,0,0,2,-3,0,152.051050,0.000030,0.074000,
0,0,11,-18,0,0,0,0,2,-1,0,332.051050,0.000030,0.077000,
0,0,11,-17,0,0,0,0,-2,0,0,166.495220,0.000020,0.044000,
0,0,11,-17,0,0,0,0,-2,2,0,166.495220,0.000020,0.268000,
0,0,11,-16,0,0,0,0,2,0,0,30.074350,0.000050,0.037000,
0,0,11,-15,0,0,0,0,-2,0,0,247.146020,0.000030,0.046000,
0,0,11,-15,0,0,0,0,-2,2,0,67.146020,0.000030,0.208000,
0,0,11,-14,0,0,0,0,2,-3,0,87.970540,0.000030,0.087000,
0,0,11,-14,0,0,0,0,2,-1,0,267.970540,0.000030,0.066000,
0,0,11,-13,0,0,0,0,-2,0,0,121.409760,0.000040,0.048000,
0,0,11,-13,0,0,0,0,2,-1,0,296.606460,0.000040,0.064000,
0,0,11,-12,0,0,0,0,2,-2,0,144.523830,0.000020,0.351000,
0,0,11,-12,0,0,0,0,2,0,0,144.523830,0.000020,0.034000,
0,0,11,-10,0,0,0,0,2,0,0,229.562260,0.000080,0.033000,
0,0,11,-9,0,0,0,0,2,0,0,258.926720,0.000060,0.032000,
0,0,11,-8,0,0,0,0,2,0,0,281.787850,0.000050,0.032000,
0,0,12,-26,0,0,0,0,-2,1,0,116.869900,0.000050,0.075000,
0,0,12,-22,0,0,0,0,-2,0,0,232.503040,0.000030,0.041000,
0,0,12,-21,0,0,0,0,-2,0,0,81.356540,0.000020,0.042000,
0,0,12,-21,0,0,0,0,-2,2,0,81.356540,0.000020,0.383000,
0,0,12,-20,0,0,0,0,-2,0,0,110.013500,0.000060,0.043000,
0,0,12,-19,0,0,0,0,-2,0,0,138.338880,0.000050,0.044000,
0,0,12,-18,0,0,0,0,2,-3,0,1.011290,0.000030,0.079000,
0,0,12,-18,0,0,0,0,2,-1,0,181.011290,0.000030,0.072000,
0,0,12,-17,0,0,0,0,2,-1,0,210.009370,0.000050,0.069000,
0,0,12,-17,0,0,0,0,2,0,0,30.009370,0.000040,0.036000,
0,0,12,-16,0,0,0,0,-2,0,0,247.065760,0.000030,0.047000,
0,0,12,-16,0,0,0,0,-2,2,0,67.065760,0.000030,0.190000,
0,0,12,-16,0,0,0,0,2,-2,0,238.960650,0.000030,0.582000,
0,0,12,-16,0,0,0,0,2,-1,0,238.960650,0.000050,0.067000,
0,0,12,-16,0,0,0,0,2,0,0,58.960650,0.000030,0.035000,
0,0,12,-15,0,0,0,0,-2,0,0,93.242940,0.000060,0.048000,
0,0,12,-15,0,0,0,0,2,-2,0,267.780520,0.000030,0.444000,
0,0,12,-15,0,0,0,0,2,-1,0,267.780520,0.000040,0.064000,
0,0,12,-15,0,0,0,0,2,0,0,87.780520,0.000030,0.035000,
0,0,12,-14,0,0,0,0,-2,0,0,123.877630,0.000030,0.050000,
0,0,12,-14,0,0,0,0,2,0,0,116.021890,0.000040,0.034000,
0,0,12,-11,0,0,0,0,2,-2,0,224.290110,0.000020,0.228000,
0,0,12,-11,0,0,0,0,2,0,0,224.179990,0.000050,0.032000,
0,0,12,-10,0,0,0,0,2,0,0,252.780220,0.000040,0.032000,
0,0,12,-9,0,0,0,0,2,0,0,281.613290,0.000040,0.031000,
0,0,13,-21,0,0,0,0,-2,0,0,109.740600,0.000020,0.044000,
0,0,13,-21,0,0,0,0,-2,2,0,109.740600,0.000020,0.277000,
0,0,13,-21,0,0,0,0,2,-3,0,299.685010,0.000030,0.076000,
0,0,13,-21,0,0,0,0,2,-1,0,119.685010,0.000030,0.075000,
0,0,13,-18,0,0,0,0,2,0,0,29.926140,0.000040,0.036000,
0,0,13,-17,0,0,0,0,-2,0,0,246.964870,0.000050,0.048000,
0,0,13,-17,0,0,0,0,2,0,0,58.824880,0.000050,0.035000,
0,0,13,-16,0,0,0,0,-2,0,0,94.957710,0.000040,0.049000,
0,0,13,-16,0,0,0,0,2,0,0,87.548930,0.000050,0.034000,
0,0,13,-15,0,0,0,0,-2,0,0,123.616450,0.000020,0.051000,
0,0,13,-15,0,0,0,0,-2,2,0,303.616450,0.000020,0.147000,
0,0,13,-15,0,0,0,0,2,0,0,115.820570,0.000040,0.034000,
0,0,13,-12,0,0,0,0,2,0,0,224.057430,0.000030,0.032000,
0,0,14,-23,0,0,0,0,2,-1,0,46.539890,0.000040,0.075000,
0,0,14,-21,0,0,0,0,-2,0,0,317.382860,0.000030,0.046000,
0,0,14,-18,0,0,0,0,-2,0,0,246.854410,0.000050,0.049000,
0,0,14,-18,0,0,0,0,2,0,0,58.659250,0.000040,0.034000,
0,0,14,-17,0,0,0,0,2,0,0,87.272020,0.000040,0.034000,
0,0,14,-16,0,0,0,0,-2,0,0,123.349960,0.000020,0.052000,
0,0,14,-16,0,0,0,0,-2,2,0,123.349960,0.000020,0.138000,
0,0,14,-12,0,0,0,0,2,-2,0,73.092620,0.000030,0.171000,
0,0,14,-12,0,0,0,0,2,0,0,253.092620,0.000030,0.031000,
0,0,15,-20,0,0,0,0,2,0,0,29.737390,0.000030,0.034000,
0,0,15,-19,0,0,0,0,-2,0,0,246.719980,0.000050,0.050000,
0,0,15,-19,0,0,0,0,2,-2,0,238.485070,0.000020,0.320000,
0,0,15,-19,0,0,0,0,2,0,0,58.485070,0.000020,0.034000,
0,0,15,-13,0,0,0,0,2,0,0,252.843320,0.000040,0.030000,
0,0,15,-12,0,0,0,0,2,-2,0,101.640010,0.000020,0.146000,
0,0,15,-12,0,0,0,0,2,0,0,281.640010,0.000020,0.030000,
0,0,16,-20,0,0,0,0,-2,0,0,246.564470,0.000020,0.052000,
0,0,16,-20,0,0,0,0,-2,2,0,246.564470,0.000020,0.140000,
0,0,16,-20,0,0,0,0,2,0,0,58.249440,0.000030,0.033000,
0,0,17,-20,0,0,0,0,-2,0,0,274.987760,0.000030,0.054000,
0,0,17,-20,0,0,0,0,-2,2,0,94.987760,0.000030,0.123000,
0,0,18,-21,0,0,0,0,-2,0,0,274.700380,0.000050,0.056000,
0,0,18,-20,0,0,0,0,-2,0,0,302.831220,0.000030,0.058000,
0,0,18,-20,0,0,0,0,-2,2,0,122.831220,0.000030,0.109000,
0,0,19,-21,0,0,0,0,-2,0,0,302.337670,0.000020,0.059000,
0,0,19,-21,0,0,0,0,-2,2,0,302.337670,0.000020,0.104000,
0,0,37,-48,0,0,0,0,-2,0,0,222.295500,0.000020,0.075000,
0,0,37,-48,0,0,0,0,-2,2,0,42.295500,0.000020,0.075000,
0,1,-7,0,0,0,0,0,-2,0,0,71.069900,0.000200,0.033000,
0,1,-7,0,0,0,0,0,0,0,0,252.048540,0.000050,0.186000,
0,1,-6,0,0,0,0,0,-4,0,0,160.472710,0.000060,0.019000,
0,1,-6,0,0,0,0,0,-2,1,0,160.210610,0.000190,0.063000,
0,1,-6,0,0,0,0,0,-2,2,0,8.359580,0.000040,0.385000,
0,1,-5,0,0,0,0,0,-2,0,0,106.098450,0.000050,0.036000,
0,1,-5,0,0,0,0,0,-2,1,0,295.973350,0.000050,0.067000,
0,1,-5,0,0,0,0,0,0,-2,0,69.421810,0.000020,0.033000,
0,1,-5,0,0,0,0,0,0,0,0,69.421810,0.000020,0.296000,
0,1,-4,0,0,0,0,0,-2,0,0,302.738180,0.000210,0.037000,
0,1,-4,0,0,0,0,0,-2,1,0,141.855380,0.000060,0.072000,
0,1,-4,0,0,0,0,0,0,-2,0,257.942210,0.000020,0.035000,
0,1,-4,0,0,0,0,0,0,-1,0,244.419350,0.000020,0.064000,
0,1,-4,0,0,0,0,0,0,0,0,257.942210,0.000020,0.421000,
0,1,-4,0,0,0,0,0,0,1,0,64.419350,0.000020,0.092000,
0,1,-3,0,0,0,0,0,-2,1,0,61.657730,0.000070,0.078000,
0,1,-3,0,0,0,0,0,-1,-1,1,28.162970,0.000030,0.074000,
0,1,-3,0,0,0,0,0,-1,1,1,208.162970,0.000030,0.077000,
0,1,-3,0,0,0,0,0,0,-1,0,331.217950,0.000040,0.068000,
0,1,-3,0,0,0,0,0,0,1,0,151.217950,0.000040,0.084000,
0,1,-3,0,0,0,0,0,2,-3,0,159.640380,0.000030,0.061000,
0,1,-3,0,0,0,0,0,2,-1,0,159.640380,0.000030,0.099000,
0,1,-3,0,0,0,0,0,2,0,0,17.442400,0.000080,0.043000,
0,1,-3,0,0,0,0,0,2,2,0,18.218080,0.000030,0.020000,
0,1,-2,0,0,0,0,0,-2,0,0,115.707130,0.000440,0.040000,
0,1,-2,0,0,0,0,0,-2,1,0,75.689380,0.000040,0.084000,
0,1,-2,0,0,0,0,0,-1,-1,1,270.386290,0.000020,0.080000,
0,1,-2,0,0,0,0,0,-1,0,1,67.776810,0.000030,1.472000,
0,1,-2,0,0,0,0,0,-1,1,-1,115.957760,0.000040,0.077000,
0,1,-2,0,0,0,0,0,-1,1,1,90.386290,0.000020,0.072000,
0,1,-2,0,0,0,0,0,-1,2,1,273.984630,0.000020,0.037000,
0,1,-2,0,0,0,0,0,0,-3,2,289.488080,0.000020,0.075000,
0,1,-2,0,0,0,0,0,0,-1,0,42.948390,0.000020,0.073000,
0,1,-2,0,0,0,0,0,0,-1,2,101.555140,0.000060,0.076000,
0,1,-2,0,0,0,0,0,0,0,0,179.296120,0.000030,2.670000,
0,1,-2,0,0,0,0,0,0,1,0,222.948390,0.000020,0.078000,
0,1,-2,0,0,0,0,0,1,-2,1,167.484860,0.000020,0.913000,
0,1,-2,0,0,0,0,0,1,-1,-1,293.704080,0.000030,0.068000,
0,1,-2,0,0,0,0,0,1,-1,1,311.860210,0.000060,0.082000,
0,1,-2,0,0,0,0,0,1,0,-1,270.581180,0.000080,0.700000,
0,1,-2,0,0,0,0,0,1,0,1,347.484860,0.000020,0.039000,
0,1,-2,0,0,0,0,0,1,1,-1,113.704080,0.000030,0.085000,
0,1,-2,0,0,0,0,0,1,2,-1,90.115530,0.000030,0.040000,
0,1,-2,0,0,0,0,0,2,-1,0,295.603180,0.000040,0.090000,
0,1,-2,0,0,0,0,0,2,0,0,281.294470,0.000030,0.041000,
0,1,-2,0,0,0,0,0,4,-2,0,288.116140,0.000020,0.044000,
0,1,-2,0,0,0,0,0,4,0,0,108.116140,0.000020,0.020000,
0,1,-1,0,0,0,0,0,-2,0,0,171.535840,0.000190,0.041000,
0,1,-1,0,0,0,0,0,-2,1,0,0.248260,0.000090,0.092000,
0,1,-1,0,0,0,0,0,0,-1,0,191.615130,0.000050,0.079000,
0,1,-1,0,0,0,0,0,0,0,0,18.308330,0.000090,1.599000,
0,1,-1,0,0,0,0,0,0,1,0,11.615130,0.000050,0.072000,
0,1,-1,0,0,0,0,0,2,-1,0,207.309130,0.000060,0.083000,
0,1,-1,0,0,0,0,0,2,0,0,218.784240,0.000040,0.039000,
0,1,0,0,0,0,0,0,-4,0,0,249.600290,0.000050,0.021000,
0,1,0,0,0,0,0,0,-2,0,0,108.644020,0.000030,0.043000,
0,1,0,0,0,0,0,0,-2,1,0,73.200480,0.000260,0.101000,
0,1,0,0,0,0,0,0,-2,2,0,178.228540,0.000030,0.294000,
0,1,0,0,0,0,0,0,-2,3,0,281.602930,0.000030,0.060000,
0,1,0,0,0,0,0,0,-1,-1,1,89.885290,0.000020,0.095000,
0,1,0,0,0,0,0,0,-1,0,-1,190.668090,0.000050,0.041000,
0,1,0,0,0,0,0,0,-1,0,1,269.885290,0.000020,0.373000,
0,1,0,0,0,0,0,0,-1,1,1,269.885290,0.000020,0.063000,
0,1,0,0,0,0,0,0,-1,2,1,269.885290,0.000020,0.034000,
0,1,0,0,0,0,0,0,0,-1,0,195.586660,0.000040,0.086000,
0,1,0,0,0,0,0,0,0,0,0,22.003170,0.000030,0.615000,
0,1,0,0,0,0,0,0,0,1,0,15.586660,0.000040,0.067000,
0,1,0,0,0,0,0,0,2,-1,0,90.106290,0.000130,0.076000,
0,1,0,0,0,0,0,0,2,0,0,239.686880,0.000270,0.038000,
0,1,1,0,0,0,0,0,-2,-2,0,161.871000,0.000020,0.021000,
0,1,1,0,0,0,0,0,-2,0,0,162.589520,0.000080,0.045000,
0,1,1,0,0,0,0,0,-2,1,0,8.996840,0.000040,0.113000,
0,1,1,0,0,0,0,0,0,0,0,189.742820,0.000090,0.381000,
0,1,1,0,0,0,0,0,2,-3,0,352.274630,0.000020,0.081000,
0,1,1,0,0,0,0,0,2,-1,0,352.274630,0.000020,0.071000,
0,1,2,0,0,0,0,0,2,-1,0,181.313380,0.000060,0.066000,
0,1,2,0,0,0,0,0,2,0,0,266.090320,0.000180,0.035000,
0,1,2,0,0,0,0,0,2,2,0,275.524920,0.000030,0.018000,
0,1,3,0,0,0,0,0,0,0,0,110.341090,0.000050,0.216000,
0,1,3,0,0,0,0,0,2,0,0,302.382700,0.000200,0.034000,
0,1,4,0,0,0,0,0,2,0,0,13.544020,0.000020,0.033000,
0,1,4,0,0,0,0,0,2,2,0,193.544020,0.000020,0.018000,
0,1,5,0,0,0,0,0,2,-1,0,317.249130,0.000040,0.055000,
0,1,5,0,0,0,0,0,2,0,0,326.776350,0.000100,0.032000,
0,1,6,0,0,0,0,0,2,-2,0,216.184340,0.000030,0.171000,
0,1,6,0,0,0,0,0,2,0,0,36.184340,0.000030,0.031000,
0,2,-8,0,0,0,0,0,-2,0,0,71.119800,0.000210,0.034000,
0,2,-8,0,0,0,0,0,0,-2,0,71.511050,0.000030,0.032000,
0,2,-8,0,0,0,0,0,0,0,0,251.511050,0.000030,0.211000,
0,2,-7,0,0,0,0,0,-4,0,0,160.429180,0.000050,0.019000,
0,2,-7,0,0,0,0,0,-2,1,0,160.209320,0.000180,0.066000,
0,2,-7,0,0,0,0,0,0,-1,0,346.447440,0.000020,0.059000,
0,2,-7,0,0,0,0,0,0,1,0,166.447440,0.000020,0.105000,
0,2,-6,0,0,0,0,0,-2,0,0,137.905970,0.000030,0.036000,
0,2,-6,0,0,0,0,0,-2,1,0,319.721410,0.000020,0.070000,
0,2,-6,0,0,0,0,0,-2,3,0,139.721410,0.000020,0.081000,
0,2,-5,0,0,0,0,0,-2,0,0,303.175330,0.000190,0.038000,
0,2,-5,0,0,0,0,0,-2,1,0,254.254670,0.000030,0.076000,
0,2,-5,0,0,0,0,0,-2,3,0,191.328180,0.000020,0.075000,
0,2,-5,0,0,0,0,0,0,0,0,238.897880,0.000040,0.572000,
0,2,-5,0,0,0,0,0,2,-2,0,79.933040,0.000020,0.284000,
0,2,-5,0,0,0,0,0,2,0,0,259.933040,0.000020,0.044000,
0,2,-4,0,0,0,0,0,-2,0,0,19.634880,0.000040,0.039000,
0,2,-4,0,0,0,0,0,-2,1,0,355.395850,0.000070,0.082000,
0,2,-4,0,0,0,0,0,-1,-1,1,210.036000,0.000020,0.077000,
0,2,-4,0,0,0,0,0,-1,1,-1,147.075770,0.000020,0.075000,
0,2,-4,0,0,0,0,0,-1,1,1,30.036000,0.000020,0.074000,
0,2,-4,0,0,0,0,0,-1,3,-1,327.075770,0.000020,0.076000,
0,2,-4,0,0,0,0,0,0,-1,0,69.709470,0.000030,0.071000,
0,2,-4,0,0,0,0,0,0,1,0,249.709470,0.000030,0.080000,
0,2,-4,0,0,0,0,0,2,-3,0,324.347840,0.000030,0.063000,
0,2,-4,0,0,0,0,0,2,-1,0,144.347840,0.000030,0.093000,
0,2,-4,0,0,0,0,0,2,0,0,36.947400,0.000140,0.042000,
0,2,-3,0,0,0,0,0,-2,-1,0,115.648690,0.000070,0.026000,
0,2,-3,0,0,0,0,0,-2,0,0,21.439230,0.000300,0.041000,
0,2,-3,0,0,0,0,0,-2,1,0,102.761930,0.000340,0.089000,
0,2,-3,0,0,0,0,0,-2,2,0,229.808340,0.000020,0.494000,
0,2,-3,0,0,0,0,0,0,-2,0,84.844270,0.000020,0.038000,
0,2,-3,0,0,0,0,0,0,-1,0,108.272030,0.000510,0.077000,
0,2,-3,0,0,0,0,0,0,0,0,214.015640,0.000060,3.983000,
0,2,-3,0,0,0,0,0,0,1,0,288.362690,0.000470,0.074000,
0,2,-3,0,0,0,0,0,0,2,0,287.731170,0.000020,0.037000,
0,2,-3,0,0,0,0,0,1,-2,-1,261.602830,0.000020,0.037000,
0,2,-3,0,0,0,0,0,1,-2,1,253.719540,0.000020,2.131000,
0,2,-3,0,0,0,0,0,1,-1,-1,72.692590,0.000040,0.071000,
0,2,-3,0,0,0,0,0,1,0,-1,267.457580,0.000070,1.246000,
0,2,-3,0,0,0,0,0,1,0,1,15.057760,0.000040,0.038000,
0,2,-3,0,0,0,0,0,1,1,-1,252.692590,0.000040,0.080000,
0,2,-3,0,0,0,0,0,2,-3,0,132.239620,0.000020,0.068000,
0,2,-3,0,0,0,0,0,2,-2,0,231.331430,0.000020,0.657000,
0,2,-3,0,0,0,0,0,2,-1,0,287.191420,0.000460,0.085000,
0,2,-3,0,0,0,0,0,2,0,0,287.341070,0.000190,0.040000,
0,2,-3,0,0,0,0,0,2,2,0,107.019680,0.000020,0.019000,
0,2,-3,0,0,0,0,0,4,0,0,108.172970,0.000050,0.020000,
0,2,-2,0,0,0,0,0,-2,-2,0,343.296250,0.000030,0.020000,
0,2,-2,0,0,0,0,0,-2,0,0,143.889840,0.000100,0.043000,
0,2,-2,0,0,0,0,0,0,-2,0,196.294910,0.000030,0.040000,
0,2,-2,0,0,0,0,0,0,0,0,47.682620,0.000020,0.799000,
0,2,-2,0,0,0,0,0,2,-2,0,79.605300,0.000030,1.912000,
0,2,-2,0,0,0,0,0,2,-1,0,223.435830,0.000090,0.079000,
0,2,-2,0,0,0,0,0,2,0,0,259.605300,0.000030,0.038000,
0,2,-1,0,0,0,0,0,-4,0,0,72.099210,0.000050,0.021000,
0,2,-1,0,0,0,0,0,-2,0,0,234.935270,0.000220,0.044000,
0,2,-1,0,0,0,0,0,-2,1,0,250.513290,0.000350,0.108000,
0,2,-1,0,0,0,0,0,-1,0,1,269.885120,0.000060,0.303000,
0,2,-1,0,0,0,0,0,-1,1,-1,269.885110,0.000050,0.097000,
0,2,-1,0,0,0,0,0,0,-1,0,129.927180,0.000060,0.091000,
0,2,-1,0,0,0,0,0,0,0,0,3.342130,0.000060,0.444000,
0,2,-1,0,0,0,0,0,0,1,0,349.399920,0.000050,0.064000,
0,2,-1,0,0,0,0,0,1,-2,1,155.223810,0.000020,0.653000,
0,2,-1,0,0,0,0,0,1,0,1,155.223810,0.000020,0.036000,
0,2,-1,0,0,0,0,0,2,0,0,229.174310,0.000210,0.037000,
0,2,0,0,0,0,0,0,-2,0,0,162.743790,0.000050,0.047000,
0,2,0,0,0,0,0,0,0,-1,0,161.802000,0.000030,0.100000,
0,2,0,0,0,0,0,0,0,0,0,32.243490,0.000040,0.308000,
0,2,0,0,0,0,0,0,0,1,0,341.802000,0.000030,0.061000,
0,2,0,0,0,0,0,0,2,-3,0,355.755070,0.000030,0.085000,
0,2,0,0,0,0,0,0,2,-1,0,99.273090,0.000060,0.068000,
0,2,0,0,0,0,0,0,2,0,0,262.221090,0.000070,0.036000,
0,2,1,0,0,0,0,0,0,-1,0,98.415560,0.000040,0.111000,
0,2,1,0,0,0,0,0,0,0,0,305.289450,0.000040,0.235000,
0,2,1,0,0,0,0,0,0,1,0,278.415560,0.000040,0.057000,
0,2,1,0,0,0,0,0,2,-3,0,164.267740,0.000020,0.093000,
0,2,1,0,0,0,0,0,2,-1,0,164.267740,0.000020,0.064000,
0,2,1,0,0,0,0,0,2,0,0,203.471640,0.000260,0.034000,
0,2,2,0,0,0,0,0,0,0,0,110.291900,0.000050,0.190000,
0,2,2,0,0,0,0,0,2,-3,0,151.497540,0.000020,0.102000,
0,2,2,0,0,0,0,0,2,-2,0,225.029140,0.000020,0.288000,
0,2,2,0,0,0,0,0,2,-1,0,151.497540,0.000020,0.060000,
0,2,2,0,0,0,0,0,2,0,0,297.129990,0.000180,0.033000,
0,2,3,0,0,0,0,0,0,0,0,19.790040,0.000030,0.160000,
0,2,3,0,0,0,0,0,2,-1,0,19.695750,0.000230,0.056000,
0,2,3,0,0,0,0,0,2,0,0,13.543840,0.000020,0.032000,
0,2,3,0,0,0,0,0,2,1,0,199.384140,0.000050,0.023000,
0,2,3,0,0,0,0,0,2,2,0,193.543840,0.000020,0.017000,
0,2,4,0,0,0,0,0,2,-2,0,323.620100,0.000030,0.183000,
0,2,4,0,0,0,0,0,2,0,0,143.620100,0.000030,0.031000,
0,2,5,0,0,0,0,0,2,-2,0,215.144790,0.000020,0.154000,
0,2,5,0,0,0,0,0,2,0,0,35.144790,0.000020,0.030000,
0,3,-9,0,0,0,0,0,-2,0,0,71.179060,0.000210,0.035000,
0,3,-9,0,0,0,0,0,-2,1,0,57.300830,0.000030,0.064000,
0,3,-9,0,0,0,0,0,-2,3,0,237.300830,0.000030,0.092000,
0,3,-9,0,0,0,0,0,0,-2,0,71.526310,0.000030,0.033000,
0,3,-9,0,0,0,0,0,0,0,0,251.526310,0.000030,0.243000,
0,3,-8,0,0,0,0,0,-4,0,0,160.388720,0.000030,0.019000,
0,3,-8,0,0,0,0,0,-4,2,0,160.388720,0.000030,0.038000,
0,3,-8,0,0,0,0,0,-2,0,0,161.763660,0.000150,0.036000,
0,3,-8,0,0,0,0,0,-2,1,0,160.206560,0.000180,0.068000,
0,3,-8,0,0,0,0,0,0,-1,0,346.441110,0.000020,0.061000,
0,3,-8,0,0,0,0,0,0,1,0,166.441110,0.000020,0.099000,
0,3,-7,0,0,0,0,0,-2,-1,2,227.637460,0.000040,0.075000,
0,3,-7,0,0,0,0,0,-2,0,0,137.607580,0.000030,0.037000,
0,3,-7,0,0,0,0,0,-2,1,2,47.637460,0.000040,0.076000,
0,3,-7,0,0,0,0,0,0,-1,0,60.170140,0.000020,0.065000,
0,3,-7,0,0,0,0,0,0,1,0,240.170140,0.000020,0.090000,
0,3,-6,0,0,0,0,0,-2,0,0,319.076130,0.000180,0.039000,
0,3,-6,0,0,0,0,0,-2,1,0,278.622690,0.000040,0.079000,
0,3,-6,0,0,0,0,0,-2,2,0,335.610280,0.000020,1.537000,
0,3,-6,0,0,0,0,0,-1,-1,1,122.000660,0.000030,0.075000,
0,3,-6,0,0,0,0,0,-1,1,1,302.000660,0.000030,0.076000,
0,3,-6,0,0,0,0,0,0,-2,0,57.278480,0.000020,0.036000,
0,3,-6,0,0,0,0,0,0,0,0,237.278480,0.000020,0.890000,
0,3,-6,0,0,0,0,0,2,0,0,238.467940,0.000050,0.042000,
0,3,-5,0,0,0,0,0,-2,0,0,301.039260,0.000170,0.040000,
0,3,-5,0,0,0,0,0,-2,1,0,289.434330,0.000110,0.086000,
0,3,-5,0,0,0,0,0,0,-1,0,305.135740,0.000180,0.075000,
0,3,-5,0,0,0,0,0,0,0,0,305.811560,0.000030,8.102000,
0,3,-5,0,0,0,0,0,0,1,0,125.135740,0.000180,0.076000,
0,3,-5,0,0,0,0,0,2,-2,0,63.854400,0.000020,0.527000,
0,3,-5,0,0,0,0,0,2,-1,0,98.659620,0.000120,0.088000,
0,3,-5,0,0,0,0,0,2,0,0,90.354270,0.000130,0.041000,
0,3,-5,0,0,0,0,0,2,2,0,42.797540,0.000030,0.020000,
0,3,-4,0,0,0,0,0,-2,-1,0,118.115210,0.000020,0.027000,
0,3,-4,0,0,0,0,0,-2,0,0,108.977030,0.000390,0.042000,
0,3,-4,0,0,0,0,0,-2,1,0,92.455170,0.000180,0.094000,
0,3,-4,0,0,0,0,0,-1,0,0,280.895670,0.000060,0.087000,
0,3,-4,0,0,0,0,0,0,-1,0,101.640240,0.000300,0.081000,
0,3,-4,0,0,0,0,0,0,0,0,203.436120,0.000050,1.141000,
0,3,-4,0,0,0,0,0,0,1,0,282.587810,0.000260,0.071000,
0,3,-4,0,0,0,0,0,1,-2,0,115.617550,0.000030,0.075000,
0,3,-4,0,0,0,0,0,1,-1,1,45.938210,0.000040,0.075000,
0,3,-4,0,0,0,0,0,1,0,-1,270.114050,0.000040,5.644000,
0,3,-4,0,0,0,0,0,1,0,0,281.166730,0.000350,0.075000,
0,3,-4,0,0,0,0,0,1,0,1,31.902290,0.000050,0.037000,
0,3,-4,0,0,0,0,0,2,-1,0,291.467270,0.000190,0.081000,
0,3,-4,0,0,0,0,0,2,0,0,290.134980,0.000020,0.039000,
0,3,-4,0,0,0,0,0,4,0,0,108.221050,0.000040,0.020000,
0,3,-3,0,0,0,0,0,-2,0,0,350.039350,0.000150,0.044000,
0,3,-3,0,0,0,0,0,0,-2,0,192.932140,0.000040,0.041000,
0,3,-3,0,0,0,0,0,2,-1,0,154.386320,0.000150,0.075000,
0,3,-3,0,0,0,0,0,2,0,0,256.419680,0.000050,0.038000,
0,3,-2,0,0,0,0,0,-2,0,0,243.122090,0.000530,0.046000,
0,3,-2,0,0,0,0,0,-2,1,0,251.595720,0.000450,0.116000,
0,3,-2,0,0,0,0,0,-1,0,-1,106.716800,0.000070,0.044000,
0,3,-2,0,0,0,0,0,0,-1,0,56.609870,0.000040,0.096000,
0,3,-2,0,0,0,0,0,0,0,0,335.872610,0.000060,0.348000,
0,3,-2,0,0,0,0,0,0,1,0,236.609870,0.000040,0.062000,
0,3,-2,0,0,0,0,0,1,-3,1,234.112320,0.000020,0.090000,
0,3,-2,0,0,0,0,0,1,-1,-1,54.110390,0.000020,0.087000,
0,3,-2,0,0,0,0,0,1,-1,1,54.112320,0.000020,0.065000,
0,3,-2,0,0,0,0,0,1,0,-1,204.990350,0.000040,0.549000,
0,3,-2,0,0,0,0,0,1,1,-1,234.110390,0.000020,0.066000,
0,3,-2,0,0,0,0,0,2,-2,0,308.414200,0.000040,0.907000,
0,3,-2,0,0,0,0,0,2,0,0,243.657920,0.000400,0.036000,
0,3,-2,0,0,0,0,0,3,-1,-1,335.371570,0.000040,0.075000,
0,3,-1,0,0,0,0,0,-2,0,0,83.720730,0.000060,0.048000,
0,3,-1,0,0,0,0,0,2,-1,0,81.507230,0.000050,0.065000,
0,3,-1,0,0,0,0,0,2,0,0,291.040370,0.000060,0.035000,
0,3,0,0,0,0,0,0,0,0,0,289.708020,0.000030,0.205000,
0,3,0,0,0,0,0,0,2,-1,0,76.760140,0.000060,0.061000,
0,3,0,0,0,0,0,0,2,0,0,236.194700,0.000450,0.034000,
0,3,0,0,0,0,0,0,2,2,0,108.895490,0.000020,0.018000,
0,3,1,0,0,0,0,0,0,0,0,110.264930,0.000060,0.170000,
0,3,1,0,0,0,0,0,2,0,0,290.649140,0.000200,0.033000,
0,3,2,0,0,0,0,0,0,0,0,193.544230,0.000050,0.145000,
0,3,2,0,0,0,0,0,2,0,0,16.426460,0.000220,0.032000,
0,3,2,0,0,0,0,0,2,2,0,13.544260,0.000020,0.017000,
0,3,2,0,0,0,0,0,4,0,0,18.820590,0.000050,0.018000,
0,3,3,0,0,0,0,0,2,0,0,282.712200,0.000040,0.031000,
0,3,4,0,0,0,0,0,2,0,0,36.108070,0.000040,0.030000,
0,4,-10,0,0,0,0,0,-2,0,0,71.241330,0.000210,0.035000,
0,4,-10,0,0,0,0,0,-2,1,0,77.606810,0.000020,0.067000,
0,4,-10,0,0,0,0,0,-2,3,0,257.606810,0.000020,0.087000,
0,4,-10,0,0,0,0,0,0,-2,0,71.547580,0.000030,0.033000,
0,4,-10,0,0,0,0,0,0,-1,0,251.547580,0.000030,0.060000,
0,4,-10,0,0,0,0,0,0,0,0,251.547580,0.000030,0.286000,
0,4,-10,0,0,0,0,0,0,1,0,71.547580,0.000030,0.102000,
0,4,-9,0,0,0,0,0,-4,0,0,160.350890,0.000020,0.019000,
0,4,-9,0,0,0,0,0,-4,2,0,160.350890,0.000020,0.039000,
0,4,-9,0,0,0,0,0,-2,0,0,161.491810,0.000140,0.037000,
0,4,-9,0,0,0,0,0,0,-2,0,145.471220,0.000020,0.034000,
0,4,-9,0,0,0,0,0,0,0,0,325.471220,0.000020,0.400000,
0,4,-8,0,0,0,0,0,-2,1,0,57.822120,0.000030,0.077000,
0,4,-8,0,0,0,0,0,0,-1,0,57.460610,0.000030,0.068000,
0,4,-8,0,0,0,0,0,0,1,0,237.460610,0.000030,0.085000,
0,4,-7,0,0,0,0,0,-2,0,0,307.185810,0.000400,0.040000,
0,4,-7,0,0,0,0,0,-2,1,0,182.392340,0.000060,0.083000,
0,4,-7,0,0,0,0,0,0,-1,0,314.593840,0.000040,0.073000,
0,4,-7,0,0,0,0,0,0,1,0,134.593840,0.000040,0.078000,
0,4,-7,0,0,0,0,0,2,-1,0,106.011950,0.000040,0.091000,
0,4,-6,0,0,0,0,0,-2,0,0,324.321590,0.000070,0.041000,
0,4,-6,0,0,0,0,0,-2,1,0,274.686240,0.000020,0.091000,
0,4,-6,0,0,0,0,0,-2,2,0,165.555030,0.000030,0.439000,
0,4,-6,0,0,0,0,0,-2,3,0,94.686240,0.000020,0.064000,
0,4,-6,0,0,0,0,0,0,-1,0,344.567560,0.000080,0.078000,
0,4,-6,0,0,0,0,0,0,0,0,321.438400,0.000040,1.992000,
0,4,-6,0,0,0,0,0,0,1,0,164.567560,0.000080,0.073000,
0,4,-6,0,0,0,0,0,1,-1,1,126.649220,0.000040,0.077000,
0,4,-6,0,0,0,0,0,2,0,0,197.149150,0.000200,0.040000,
0,4,-6,0,0,0,0,0,2,2,0,18.491900,0.000030,0.019000,
0,4,-5,0,0,0,0,0,-2,0,0,288.840540,0.000220,0.043000,
0,4,-5,0,0,0,0,0,-2,1,0,293.865320,0.000020,0.100000,
0,4,-5,0,0,0,0,0,-2,2,0,66.329270,0.000020,0.305000,
0,4,-5,0,0,0,0,0,-2,3,0,113.865320,0.000020,0.060000,
0,4,-5,0,0,0,0,0,-1,0,-1,20.763550,0.000020,0.041000,
0,4,-5,0,0,0,0,0,-1,2,-1,200.763550,0.000020,0.450000,
0,4,-5,0,0,0,0,0,0,-1,0,54.421270,0.000080,0.085000,
0,4,-5,0,0,0,0,0,0,0,0,187.405760,0.000050,0.666000,
0,4,-5,0,0,0,0,0,0,1,0,211.274600,0.000050,0.068000,
0,4,-5,0,0,0,0,0,0,2,0,82.690470,0.000030,0.036000,
0,4,-5,0,0,0,0,0,1,-1,-1,336.720780,0.000020,0.078000,
0,4,-5,0,0,0,0,0,1,-1,1,231.136880,0.000060,0.071000,
0,4,-5,0,0,0,0,0,1,0,-1,270.111290,0.000020,2.231000,
0,4,-5,0,0,0,0,0,1,0,1,31.101250,0.000040,0.037000,
0,4,-5,0,0,0,0,0,1,1,-1,156.720780,0.000020,0.073000,
0,4,-5,0,0,0,0,0,1,2,-1,270.111290,0.000020,0.037000,
0,4,-5,0,0,0,0,0,2,-1,0,38.076900,0.000100,0.077000,
0,4,-5,0,0,0,0,0,2,0,0,319.145730,0.000060,0.038000,
0,4,-4,0,0,0,0,0,-2,0,0,344.262290,0.000100,0.045000,
0,4,-4,0,0,0,0,0,-2,2,0,13.796290,0.000020,0.234000,
0,4,-4,0,0,0,0,0,0,-2,0,181.331610,0.000030,0.042000,
0,4,-4,0,0,0,0,0,0,0,0,165.236520,0.000020,0.400000,
0,4,-4,0,0,0,0,0,2,-1,0,143.515070,0.000060,0.072000,
0,4,-4,0,0,0,0,0,2,0,0,273.914090,0.000040,0.037000,
0,4,-3,0,0,0,0,0,-2,0,0,241.269040,0.000260,0.047000,
0,4,-3,0,0,0,0,0,-2,1,0,251.886010,0.000460,0.125000,
0,4,-3,0,0,0,0,0,0,-1,0,8.034690,0.000020,0.103000,
0,4,-3,0,0,0,0,0,0,0,0,1.946800,0.000030,0.286000,
0,4,-3,0,0,0,0,0,0,1,0,188.034690,0.000020,0.060000,
0,4,-3,0,0,0,0,0,0,2,0,1.946800,0.000030,0.033000,
0,4,-3,0,0,0,0,0,1,0,-1,204.102180,0.000040,0.408000,
0,4,-3,0,0,0,0,0,2,-3,0,291.901020,0.000020,0.087000,
0,4,-3,0,0,0,0,0,2,-1,0,291.901020,0.000020,0.067000,
0,4,-3,0,0,0,0,0,2,0,0,234.093080,0.000190,0.035000,
0,4,-2,0,0,0,0,0,-2,0,0,339.384000,0.000140,0.049000,
0,4,-2,0,0,0,0,0,-2,1,0,151.725280,0.000040,0.143000,
0,4,-2,0,0,0,0,0,2,-3,0,146.259970,0.000030,0.095000,
0,4,-2,0,0,0,0,0,2,-2,0,135.731260,0.000030,0.367000,
0,4,-2,0,0,0,0,0,2,-1,0,326.259970,0.000030,0.063000,
0,4,-2,0,0,0,0,0,2,0,0,302.927250,0.000070,0.034000,
0,4,-1,0,0,0,0,0,2,0,0,243.883870,0.000280,0.033000,
0,4,0,0,0,0,0,0,0,0,0,109.718890,0.000040,0.154000,
0,4,0,0,0,0,0,0,2,-2,0,323.653640,0.000020,0.212000,
0,4,0,0,0,0,0,0,2,0,0,293.714250,0.000210,0.032000,
0,4,1,0,0,0,0,0,2,0,0,13.544690,0.000020,0.031000,
0,4,1,0,0,0,0,0,2,2,0,193.544690,0.000020,0.017000,
0,4,1,0,0,0,0,0,4,0,0,18.015560,0.000030,0.018000,
0,4,2,0,0,0,0,0,2,-3,0,303.435900,0.000020,0.153000,
0,4,2,0,0,0,0,0,2,-1,0,303.435900,0.000020,0.050000,
0,4,2,0,0,0,0,0,2,0,0,312.195340,0.000050,0.030000,
0,4,3,0,0,0,0,0,2,0,0,37.004800,0.000030,0.029000,
0,5,-12,0,0,0,0,0,-2,1,0,330.326510,0.000040,0.065000,
0,5,-11,0,0,0,0,0,-2,0,0,71.302820,0.000210,0.036000,
0,5,-11,0,0,0,0,0,0,-1,0,251.571560,0.000030,0.062000,
0,5,-11,0,0,0,0,0,0,0,0,251.571560,0.000060,0.348000,
0,5,-11,0,0,0,0,0,0,1,0,71.571560,0.000030,0.096000,
0,5,-10,0,0,0,0,0,-2,1,0,148.243890,0.000020,0.075000,
0,5,-10,0,0,0,0,0,-2,3,0,148.243890,0.000020,0.076000,
0,5,-10,0,0,0,0,0,0,0,0,324.685380,0.000040,0.534000,
0,5,-9,0,0,0,0,0,-1,0,0,46.486350,0.000060,0.076000,
0,5,-9,0,0,0,0,0,0,-1,0,34.188550,0.000030,0.071000,
0,5,-9,0,0,0,0,0,0,1,0,214.188550,0.000030,0.081000,
0,5,-8,0,0,0,0,0,-2,0,0,306.986320,0.000360,0.041000,
0,5,-8,0,0,0,0,0,-2,1,0,322.473040,0.000040,0.088000,
0,5,-8,0,0,0,0,0,0,-1,0,12.466650,0.000040,0.076000,
0,5,-8,0,0,0,0,0,0,1,0,192.466650,0.000040,0.075000,
0,5,-8,0,0,0,0,0,2,-3,0,295.409060,0.000030,0.067000,
0,5,-8,0,0,0,0,0,2,-1,0,115.409060,0.000030,0.086000,
0,5,-7,0,0,0,0,0,-2,0,0,47.470980,0.000080,0.042000,
0,5,-7,0,0,0,0,0,-2,1,0,192.646670,0.000050,0.097000,
0,5,-7,0,0,0,0,0,0,-1,0,176.925220,0.000070,0.082000,
0,5,-7,0,0,0,0,0,0,0,0,332.234670,0.000030,0.887000,
0,5,-7,0,0,0,0,0,0,1,0,356.925220,0.000070,0.070000,
0,5,-7,0,0,0,0,0,1,-3,1,1.146060,0.000030,0.078000,
0,5,-7,0,0,0,0,0,1,-1,-1,135.400230,0.000030,0.076000,
0,5,-7,0,0,0,0,0,1,-1,1,181.146060,0.000030,0.073000,
0,5,-7,0,0,0,0,0,1,1,-1,315.400230,0.000030,0.075000,
0,5,-7,0,0,0,0,0,2,-3,0,251.677280,0.000020,0.072000,
0,5,-7,0,0,0,0,0,2,-1,0,71.677280,0.000020,0.079000,
0,5,-7,0,0,0,0,0,2,0,0,199.555110,0.000220,0.039000,
0,5,-6,0,0,0,0,0,-2,1,0,347.534010,0.000050,0.107000,
0,5,-6,0,0,0,0,0,-1,0,-1,20.258650,0.000020,0.042000,
0,5,-6,0,0,0,0,0,-1,2,-1,200.258650,0.000020,0.351000,
0,5,-6,0,0,0,0,0,0,-2,0,190.068460,0.000030,0.041000,
0,5,-6,0,0,0,0,0,0,-1,0,353.411960,0.000030,0.090000,
0,5,-6,0,0,0,0,0,0,0,0,241.372090,0.000070,0.470000,
0,5,-6,0,0,0,0,0,0,1,0,173.411960,0.000030,0.065000,
0,5,-6,0,0,0,0,0,1,0,1,30.452060,0.000030,0.036000,
0,5,-6,0,0,0,0,0,2,-1,-2,106.754910,0.000070,0.076000,
0,5,-6,0,0,0,0,0,2,-1,0,270.895870,0.000170,0.073000,
0,5,-6,0,0,0,0,0,2,0,0,94.854430,0.000070,0.037000,
0,5,-6,0,0,0,0,0,2,1,-2,286.754910,0.000070,0.075000,
0,5,-5,0,0,0,0,0,-2,0,0,345.574800,0.000110,0.046000,
0,5,-5,0,0,0,0,0,0,-1,0,343.057650,0.000020,0.099000,
0,5,-5,0,0,0,0,0,0,0,0,29.718860,0.000020,0.320000,
0,5,-5,0,0,0,0,0,0,1,0,163.057650,0.000020,0.061000,
0,5,-5,0,0,0,0,0,0,2,0,29.718860,0.000020,0.034000,
0,5,-5,0,0,0,0,0,2,-1,0,87.728570,0.000040,0.068000,
0,5,-5,0,0,0,0,0,2,0,0,267.729190,0.000040,0.036000,
0,5,-4,0,0,0,0,0,-2,0,0,244.943830,0.000270,0.049000,
0,5,-4,0,0,0,0,0,-2,1,0,252.364980,0.000430,0.136000,
0,5,-4,0,0,0,0,0,0,-1,0,91.709470,0.000030,0.110000,
0,5,-4,0,0,0,0,0,0,1,0,271.709470,0.000030,0.058000,
0,5,-4,0,0,0,0,0,1,0,-1,203.362230,0.000040,0.325000,
0,5,-4,0,0,0,0,0,1,0,1,216.059890,0.000030,0.033000,
0,5,-4,0,0,0,0,0,2,-3,0,113.945370,0.000020,0.092000,
0,5,-4,0,0,0,0,0,2,-1,0,10.863090,0.000060,0.064000,
0,5,-4,0,0,0,0,0,2,0,0,231.972900,0.000160,0.035000,
0,5,-3,0,0,0,0,0,-2,0,0,164.261030,0.000040,0.051000,
0,5,-3,0,0,0,0,0,2,-1,0,325.740310,0.000030,0.060000,
0,5,-3,0,0,0,0,0,2,0,0,288.432310,0.000050,0.033000,
0,5,-2,0,0,0,0,0,0,-1,0,56.281510,0.000020,0.140000,
0,5,-2,0,0,0,0,0,0,1,0,236.281510,0.000020,0.052000,
0,5,-2,0,0,0,0,0,2,-1,0,358.671820,0.000050,0.057000,
0,5,-2,0,0,0,0,0,2,0,0,254.271610,0.000400,0.032000,
0,5,-1,0,0,0,0,0,0,0,0,109.751940,0.000040,0.140000,
0,5,-1,0,0,0,0,0,2,0,0,293.716500,0.000210,0.031000,
0,5,1,0,0,0,0,0,2,0,0,313.656440,0.000040,0.030000,
0,6,-13,0,0,0,0,0,-2,1,0,330.305790,0.000030,0.068000,
0,6,-13,0,0,0,0,0,-2,3,0,150.305790,0.000030,0.085000,
0,6,-12,0,0,0,0,0,-2,0,0,71.361410,0.000200,0.037000,
0,6,-12,0,0,0,0,0,-2,1,0,262.058110,0.000020,0.073000,
0,6,-12,0,0,0,0,0,-2,3,0,262.058110,0.000020,0.078000,
0,6,-12,0,0,0,0,0,0,0,0,251.596130,0.000060,0.445000,
0,6,-11,0,0,0,0,0,-2,-1,0,340.280690,0.000040,0.025000,
0,6,-11,0,0,0,0,0,-2,1,0,217.148790,0.000040,0.079000,
0,6,-11,0,0,0,0,0,0,0,0,323.841670,0.000030,0.802000,
0,6,-10,0,0,0,0,0,-2,0,0,210.192270,0.000020,0.040000,
0,6,-10,0,0,0,0,0,-2,1,0,158.298380,0.000020,0.085000,
0,6,-10,0,0,0,0,0,-2,2,0,210.192270,0.000020,0.655000,
0,6,-10,0,0,0,0,0,-2,3,0,338.298380,0.000020,0.068000,
0,6,-10,0,0,0,0,0,0,-1,0,359.465670,0.000020,0.074000,
0,6,-10,0,0,0,0,0,0,1,0,179.465670,0.000020,0.077000,
0,6,-9,0,0,0,0,0,-2,0,0,282.147960,0.000150,0.042000,
0,6,-9,0,0,0,0,0,-2,1,0,298.305980,0.000040,0.093000,
0,6,-9,0,0,0,0,0,1,-1,1,301.697190,0.000060,0.075000,
0,6,-8,0,0,0,0,0,-2,0,0,353.073560,0.000050,0.044000,
0,6,-8,0,0,0,0,0,0,-1,0,284.817240,0.000080,0.087000,
0,6,-8,0,0,0,0,0,2,-3,0,117.618760,0.000040,0.075000,
0,6,-8,0,0,0,0,0,2,-1,0,284.131530,0.000470,0.076000,
0,6,-8,0,0,0,0,0,2,0,0,199.613690,0.000200,0.038000,
0,6,-7,0,0,0,0,0,-2,1,0,11.531310,0.000060,0.115000,
0,6,-7,0,0,0,0,0,-1,0,-1,19.831890,0.000040,0.043000,
0,6,-7,0,0,0,0,0,0,-2,0,213.530280,0.000020,0.042000,
0,6,-7,0,0,0,0,0,0,-1,0,144.976160,0.000030,0.095000,
0,6,-7,0,0,0,0,0,0,0,0,213.530280,0.000020,0.363000,
0,6,-7,0,0,0,0,0,0,1,0,324.976160,0.000030,0.062000,
0,6,-7,0,0,0,0,0,1,-1,1,90.100490,0.000050,0.065000,
0,6,-7,0,0,0,0,0,2,-2,0,91.441640,0.000030,1.021000,
0,6,-7,0,0,0,0,0,2,-1,0,281.921350,0.000060,0.070000,
0,6,-7,0,0,0,0,0,2,0,0,91.441640,0.000030,0.036000,
0,6,-7,0,0,0,0,0,2,1,0,288.319180,0.000030,0.025000,
0,6,-6,0,0,0,0,0,-2,0,0,350.332020,0.000100,0.048000,
0,6,-6,0,0,0,0,0,0,-1,0,343.691100,0.000030,0.105000,
0,6,-6,0,0,0,0,0,0,1,0,163.691100,0.000030,0.059000,
0,6,-6,0,0,0,0,0,2,-1,0,4.373050,0.000100,0.066000,
0,6,-6,0,0,0,0,0,2,0,0,236.227220,0.000030,0.035000,
0,6,-5,0,0,0,0,0,-4,0,0,72.759960,0.000030,0.022000,
0,6,-5,0,0,0,0,0,-4,2,0,252.759960,0.000030,0.055000,
0,6,-5,0,0,0,0,0,-2,0,0,244.344400,0.000260,0.050000,
0,6,-5,0,0,0,0,0,-2,1,0,252.759960,0.000410,0.149000,
0,6,-5,0,0,0,0,0,0,-1,0,70.845610,0.000050,0.118000,
0,6,-5,0,0,0,0,0,0,1,0,250.845610,0.000050,0.056000,
0,6,-5,0,0,0,0,0,2,-1,0,30.616750,0.000030,0.062000,
0,6,-5,0,0,0,0,0,2,0,0,68.022650,0.000020,0.034000,
0,6,-5,0,0,0,0,0,2,2,0,248.022650,0.000020,0.018000,
0,6,-4,0,0,0,0,0,-2,0,0,165.436510,0.000040,0.053000,
0,6,-4,0,0,0,0,0,2,-3,0,339.146220,0.000020,0.108000,
0,6,-4,0,0,0,0,0,2,-1,0,339.146220,0.000020,0.058000,
0,6,-4,0,0,0,0,0,2,0,0,239.735360,0.000030,0.033000,
0,6,-3,0,0,0,0,0,-2,0,0,280.904440,0.000050,0.056000,
0,6,-3,0,0,0,0,0,0,-1,0,57.446020,0.000030,0.154000,
0,6,-3,0,0,0,0,0,0,1,0,237.446020,0.000030,0.050000,
0,6,-3,0,0,0,0,0,2,0,0,255.134400,0.000340,0.032000,
0,6,-2,0,0,0,0,0,0,0,0,108.934330,0.000030,0.129000,
0,6,-2,0,0,0,0,0,2,0,0,299.250420,0.000200,0.031000,
0,7,-13,0,0,0,0,0,-2,0,0,71.415970,0.000190,0.038000,
0,7,-13,0,0,0,0,0,0,0,0,251.619990,0.000060,0.617000,
0,7,-12,0,0,0,0,0,-2,-1,0,340.247210,0.000030,0.026000,
0,7,-12,0,0,0,0,0,-2,0,0,333.468130,0.000030,0.039000,
0,7,-12,0,0,0,0,0,0,0,0,323.048390,0.000030,1.609000,
0,7,-11,0,0,0,0,0,-2,0,0,219.729510,0.000040,0.041000,
0,7,-11,0,0,0,0,0,-2,1,0,217.677040,0.000070,0.090000,
0,7,-11,0,0,0,0,0,0,-1,0,210.764340,0.000020,0.078000,
0,7,-11,0,0,0,0,0,0,1,0,30.764340,0.000020,0.073000,
0,7,-10,0,0,0,0,0,-2,-2,0,305.985750,0.000030,0.020000,
0,7,-10,0,0,0,0,0,-2,0,0,276.397240,0.000140,0.043000,
0,7,-10,0,0,0,0,0,0,-1,0,70.579360,0.000020,0.084000,
0,7,-10,0,0,0,0,0,0,0,0,233.024810,0.000030,0.725000,
0,7,-10,0,0,0,0,0,0,1,0,250.579360,0.000020,0.068000,
0,7,-9,0,0,0,0,0,-2,0,0,16.740380,0.000030,0.045000,
0,7,-9,0,0,0,0,0,-2,2,0,196.740380,0.000030,0.241000,
0,7,-9,0,0,0,0,0,0,-1,0,19.399930,0.000030,0.092000,
0,7,-9,0,0,0,0,0,0,0,0,8.597030,0.000050,0.420000,
0,7,-9,0,0,0,0,0,0,1,0,199.399930,0.000030,0.064000,
0,7,-9,0,0,0,0,0,2,-3,0,53.464830,0.000020,0.079000,
0,7,-9,0,0,0,0,0,2,-1,0,233.464830,0.000020,0.072000,
0,7,-9,0,0,0,0,0,2,0,0,199.668260,0.000170,0.037000,
0,7,-8,0,0,0,0,0,-2,0,0,293.340940,0.000170,0.047000,
0,7,-8,0,0,0,0,0,-2,2,0,252.228990,0.000020,0.194000,
0,7,-8,0,0,0,0,0,-1,0,-1,19.468860,0.000030,0.045000,
0,7,-8,0,0,0,0,0,0,-2,0,200.079780,0.000030,0.043000,
0,7,-8,0,0,0,0,0,0,-1,0,126.492720,0.000040,0.101000,
0,7,-8,0,0,0,0,0,0,0,0,200.079780,0.000030,0.296000,
0,7,-8,0,0,0,0,0,0,1,0,306.492720,0.000040,0.060000,
0,7,-8,0,0,0,0,0,2,-3,0,72.868690,0.000020,0.086000,
0,7,-8,0,0,0,0,0,2,1,0,288.338890,0.000020,0.024000,
0,7,-7,0,0,0,0,0,-2,0,0,352.793630,0.000080,0.049000,
0,7,-7,0,0,0,0,0,-2,2,0,10.010500,0.000030,0.163000,
0,7,-7,0,0,0,0,0,2,-2,0,332.182420,0.000030,0.384000,
0,7,-7,0,0,0,0,0,2,-1,0,356.021840,0.000100,0.063000,
0,7,-7,0,0,0,0,0,2,0,0,192.014340,0.000090,0.034000,
0,7,-6,0,0,0,0,0,-4,0,0,72.787350,0.000030,0.023000,
0,7,-6,0,0,0,0,0,-4,2,0,252.787350,0.000030,0.057000,
0,7,-6,0,0,0,0,0,-2,0,0,241.905360,0.000250,0.052000,
0,7,-6,0,0,0,0,0,0,-1,0,95.099930,0.000040,0.127000,
0,7,-6,0,0,0,0,0,0,0,0,252.504980,0.000050,0.186000,
0,7,-6,0,0,0,0,0,0,1,0,275.099930,0.000040,0.054000,
0,7,-6,0,0,0,0,0,0,2,0,55.196700,0.000020,0.031000,
0,7,-6,0,0,0,0,0,1,0,1,229.186000,0.000040,0.032000,
0,7,-6,0,0,0,0,0,2,-1,0,60.434860,0.000080,0.059000,
0,7,-6,0,0,0,0,0,2,0,0,215.075330,0.000020,0.033000,
0,7,-6,0,0,0,0,0,2,2,0,71.141250,0.000020,0.018000,
0,7,-4,0,0,0,0,0,-2,0,0,281.237880,0.000060,0.058000,
0,7,-4,0,0,0,0,0,0,-1,0,57.197700,0.000020,0.170000,
0,7,-4,0,0,0,0,0,0,1,0,237.197700,0.000020,0.048000,
0,7,-4,0,0,0,0,0,2,-2,0,179.817280,0.000030,0.178000,
0,7,-4,0,0,0,0,0,2,0,0,19.329980,0.000050,0.031000,
0,7,-4,0,0,0,0,0,2,2,0,236.949900,0.000020,0.017000,
0,7,-3,0,0,0,0,0,2,0,0,290.882060,0.000170,0.030000,
0,7,-2,0,0,0,0,0,0,0,0,195.719880,0.000040,0.107000,
0,7,-2,0,0,0,0,0,0,2,0,13.540440,0.000020,0.028000,
0,7,-2,0,0,0,0,0,2,0,0,16.431220,0.000150,0.029000,
0,8,-15,0,0,0,0,0,-2,0,0,151.766650,0.000030,0.037000,
0,8,-15,0,0,0,0,0,-2,2,0,331.766650,0.000030,4.509000,
0,8,-14,0,0,0,0,0,-2,0,0,70.663570,0.000150,0.039000,
0,8,-14,0,0,0,0,0,-2,2,0,77.797560,0.000020,1.285000,
0,8,-14,0,0,0,0,0,0,0,0,251.642340,0.000050,1.004000,
0,8,-14,0,0,0,0,0,2,0,0,105.660780,0.000070,0.042000,
0,8,-13,0,0,0,0,0,-2,0,0,185.328730,0.000370,0.040000,
0,8,-13,0,0,0,0,0,-2,1,0,183.946900,0.000340,0.087000,
0,8,-13,0,0,0,0,0,0,-1,0,173.960530,0.000480,0.075000,
0,8,-13,0,0,0,0,0,0,0,0,325.617210,0.000020,238.919000,
0,8,-13,0,0,0,0,0,0,1,0,354.016420,0.000480,0.075000,
0,8,-13,0,0,0,0,0,0,2,0,351.299520,0.000020,0.038000,
0,8,-13,0,0,0,0,0,2,-1,0,7.100120,0.000310,0.087000,
0,8,-13,0,0,0,0,0,2,0,0,2.843440,0.000390,0.040000,
0,8,-11,0,0,0,0,0,-2,0,0,185.727210,0.000070,0.044000,
0,8,-11,0,0,0,0,0,0,0,0,232.330870,0.000030,0.499000,
0,8,-11,0,0,0,0,0,2,-2,0,279.324800,0.000030,4.345000,
0,8,-11,0,0,0,0,0,2,-1,0,276.258360,0.000060,0.074000,
0,8,-11,0,0,0,0,0,2,0,0,99.324800,0.000030,0.037000,
0,8,-10,0,0,0,0,0,-2,0,0,62.352570,0.000020,0.046000,
0,8,-10,0,0,0,0,0,-2,2,0,62.352570,0.000020,0.209000,
0,8,-10,0,0,0,0,0,0,-1,0,18.815060,0.000030,0.098000,
0,8,-10,0,0,0,0,0,0,0,0,353.830620,0.000020,0.333000,
0,8,-10,0,0,0,0,0,0,1,0,198.815060,0.000030,0.062000,
0,8,-10,0,0,0,0,0,0,2,0,17.595910,0.000030,0.034000,
0,8,-9,0,0,0,0,0,-2,0,0,288.846700,0.000170,0.048000,
0,8,-9,0,0,0,0,0,-1,0,-1,321.479240,0.000020,0.046000,
0,8,-9,0,0,0,0,0,-1,2,-1,141.479240,0.000020,0.212000,
0,8,-9,0,0,0,0,0,0,-2,0,200.098560,0.000020,0.044000,
0,8,-9,0,0,0,0,0,0,-1,0,99.128520,0.000040,0.108000,
0,8,-9,0,0,0,0,0,0,0,0,249.147240,0.000050,0.250000,
0,8,-9,0,0,0,0,0,0,1,0,279.128520,0.000040,0.058000,
0,8,-9,0,0,0,0,0,1,0,1,270.081830,0.000060,0.034000,
0,8,-8,0,0,0,0,0,-2,-2,0,343.880680,0.000030,0.022000,
0,8,-8,0,0,0,0,0,-2,0,0,348.873270,0.000040,0.051000,
0,8,-8,0,0,0,0,0,-2,2,0,355.510680,0.000020,0.148000,
0,8,-8,0,0,0,0,0,2,-1,0,359.763210,0.000040,0.061000,
0,8,-8,0,0,0,0,0,2,0,0,184.312460,0.000090,0.034000,
0,8,-7,0,0,0,0,0,-4,0,0,72.809590,0.000020,0.023000,
0,8,-7,0,0,0,0,0,-4,2,0,72.809590,0.000020,0.059000,
0,8,-7,0,0,0,0,0,-2,0,0,118.080160,0.000060,0.053000,
0,8,-7,0,0,0,0,0,0,0,0,235.951310,0.000090,0.167000,
0,8,-7,0,0,0,0,0,0,2,0,65.660460,0.000020,0.031000,
0,8,-7,0,0,0,0,0,1,0,1,201.761390,0.000040,0.031000,
0,8,-7,0,0,0,0,0,2,0,0,210.429760,0.000070,0.033000,
0,8,-6,0,0,0,0,0,0,-2,0,165.563640,0.000030,0.051000,
0,8,-6,0,0,0,0,0,0,0,0,345.563640,0.000030,0.143000,
0,8,-5,0,0,0,0,0,-2,0,0,280.854830,0.000030,0.060000,
0,8,-5,0,0,0,0,0,-2,2,0,100.854830,0.000030,0.102000,
0,8,-5,0,0,0,0,0,0,0,0,234.716180,0.000020,0.125000,
0,8,-5,0,0,0,0,0,0,2,0,234.716180,0.000020,0.029000,
0,8,-5,0,0,0,0,0,2,-2,0,176.522290,0.000020,0.161000,
0,8,-5,0,0,0,0,0,2,0,0,42.260420,0.000050,0.031000,
0,8,-4,0,0,0,0,0,2,-3,0,289.107770,0.000020,0.166000,
0,8,-4,0,0,0,0,0,2,-2,0,294.993980,0.000020,0.138000,
0,8,-4,0,0,0,0,0,2,-1,0,109.107770,0.000020,0.049000,
0,8,-4,0,0,0,0,0,2,0,0,114.993980,0.000020,0.030000,
0,8,-3,0,0,0,0,0,0,0,0,195.913880,0.000040,0.100000,
0,8,-3,0,0,0,0,0,2,-1,0,18.000700,0.000020,0.047000,
0,8,-3,0,0,0,0,0,2,1,0,198.000700,0.000020,0.021000,
0,9,-16,0,0,0,0,0,-2,0,0,152.417070,0.000030,0.038000,
0,9,-16,0,0,0,0,0,-2,2,0,332.417070,0.000030,2.477000,
0,9,-15,0,0,0,0,0,-2,0,0,266.512810,0.000020,0.040000,
0,9,-15,0,0,0,0,0,-2,2,0,86.512810,0.000020,0.712000,
0,9,-15,0,0,0,0,0,0,-1,0,263.117960,0.000030,0.073000,
0,9,-15,0,0,0,0,0,0,0,0,251.662720,0.000050,2.701000,
0,9,-15,0,0,0,0,0,0,1,0,83.117960,0.000030,0.078000,
0,9,-14,0,0,0,0,0,-2,-1,0,340.181310,0.000020,0.027000,
0,9,-14,0,0,0,0,0,-2,0,0,334.710420,0.000030,0.041000,
0,9,-14,0,0,0,0,0,-2,1,0,160.181310,0.000020,0.092000,
0,9,-13,0,0,0,0,0,-2,0,0,245.953600,0.000080,0.043000,
0,9,-12,0,0,0,0,0,-2,0,0,206.450370,0.000060,0.045000,
0,9,-12,0,0,0,0,0,-2,1,0,51.731110,0.000030,0.113000,
0,9,-12,0,0,0,0,0,-2,2,0,118.858520,0.000020,0.227000,
0,9,-12,0,0,0,0,0,0,-2,0,67.566550,0.000030,0.042000,
0,9,-12,0,0,0,0,0,0,-1,0,94.221080,0.000020,0.094000,
0,9,-12,0,0,0,0,0,0,0,0,247.566550,0.000030,0.380000,
0,9,-12,0,0,0,0,0,0,1,0,274.221080,0.000020,0.063000,
0,9,-12,0,0,0,0,0,2,0,0,100.055390,0.000050,0.037000,
0,9,-11,0,0,0,0,0,0,0,0,13.096620,0.000030,0.276000,
0,9,-11,0,0,0,0,0,0,2,0,10.855260,0.000020,0.033000,
0,9,-10,0,0,0,0,0,-1,0,-1,321.034410,0.000040,0.047000,
0,9,-10,0,0,0,0,0,1,0,1,270.069420,0.000050,0.033000,
0,9,-10,0,0,0,0,0,2,0,0,108.362410,0.000410,0.034000,
0,9,-9,0,0,0,0,0,-2,-2,0,343.965210,0.000020,0.022000,
0,9,-9,0,0,0,0,0,-2,0,0,355.021400,0.000060,0.052000,
0,9,-9,0,0,0,0,0,-2,1,0,343.965210,0.000060,0.171000,
0,9,-9,0,0,0,0,0,2,0,0,190.061760,0.000070,0.033000,
0,9,-8,0,0,0,0,0,-2,0,0,112.675880,0.000100,0.055000,
0,9,-8,0,0,0,0,0,-2,1,0,71.290610,0.000030,0.206000,
0,9,-8,0,0,0,0,0,0,-1,0,268.332700,0.000020,0.151000,
0,9,-8,0,0,0,0,0,0,0,0,239.056190,0.000050,0.151000,
0,9,-8,0,0,0,0,0,0,1,0,88.332700,0.000020,0.050000,
0,9,-8,0,0,0,0,0,2,0,0,201.683700,0.000050,0.032000,
0,9,-7,0,0,0,0,0,0,0,0,349.633690,0.000050,0.131000,
0,9,-6,0,0,0,0,0,2,0,0,35.415980,0.000080,0.030000,
0,9,-5,0,0,0,0,0,2,-1,0,109.166360,0.000040,0.047000,
0,9,-5,0,0,0,0,0,2,0,0,110.854810,0.000060,0.029000,
0,9,-4,0,0,0,0,0,0,-2,0,18.097640,0.000020,0.063000,
0,9,-4,0,0,0,0,0,0,0,0,198.097640,0.000020,0.094000,
0,9,-4,0,0,0,0,0,2,-1,0,193.529660,0.000040,0.045000,
0,10,-17,0,0,0,0,0,-2,0,0,153.017660,0.000060,0.039000,
0,10,-17,0,0,0,0,0,-2,1,0,153.017660,0.000030,0.082000,
0,10,-17,0,0,0,0,0,-2,3,0,333.017660,0.000030,0.070000,
0,10,-16,0,0,0,0,0,-2,0,0,265.949080,0.000020,0.041000,
0,10,-16,0,0,0,0,0,-2,2,0,265.949080,0.000020,0.493000,
0,10,-16,0,0,0,0,0,0,-2,0,251.680880,0.000020,0.038000,
0,10,-16,0,0,0,0,0,0,-1,0,83.084850,0.000040,0.077000,
0,10,-16,0,0,0,0,0,0,0,0,251.680880,0.000020,3.918000,
0,10,-16,0,0,0,0,0,0,1,0,263.084850,0.000040,0.074000,
0,10,-15,0,0,0,0,0,-2,0,0,160.436440,0.000520,0.043000,
0,10,-15,0,0,0,0,0,-2,1,0,166.339790,0.000030,0.098000,
0,10,-15,0,0,0,0,0,2,-3,0,160.148250,0.000040,0.073000,
0,10,-15,0,0,0,0,0,2,-1,0,340.148250,0.000040,0.079000,
0,10,-14,0,0,0,0,0,-2,0,0,241.697340,0.000070,0.044000,
0,10,-13,0,0,0,0,0,-2,0,0,216.072930,0.000050,0.047000,
0,10,-13,0,0,0,0,0,-2,1,0,93.664560,0.000050,0.122000,
0,10,-13,0,0,0,0,0,0,0,0,259.502150,0.000050,0.307000,
0,10,-13,0,0,0,0,0,2,-3,0,105.646380,0.000020,0.085000,
0,10,-13,0,0,0,0,0,2,-1,0,285.646380,0.000020,0.068000,
0,10,-13,0,0,0,0,0,2,0,0,100.711060,0.000040,0.036000,
0,10,-12,0,0,0,0,0,-2,0,0,167.599150,0.000040,0.049000,
0,10,-11,0,0,0,0,0,-1,0,-1,320.644350,0.000040,0.049000,
0,10,-11,0,0,0,0,0,0,-1,0,288.367140,0.000030,0.125000,
0,10,-11,0,0,0,0,0,0,0,0,312.694210,0.000040,0.190000,
0,10,-11,0,0,0,0,0,0,1,0,108.367140,0.000030,0.054000,
0,10,-11,0,0,0,0,0,1,-2,1,270.054920,0.000020,0.221000,
0,10,-11,0,0,0,0,0,1,0,1,270.054920,0.000020,0.032000,
0,10,-11,0,0,0,0,0,2,0,0,108.367140,0.000300,0.033000,
0,10,-11,0,0,0,0,0,2,2,0,108.367140,0.000030,0.018000,
0,10,-10,0,0,0,0,0,-2,0,0,0.998480,0.000040,0.054000,
0,10,-10,0,0,0,0,0,-2,1,0,344.042590,0.000020,0.191000,
0,10,-10,0,0,0,0,0,-2,2,0,0.998480,0.000040,0.125000,
0,10,-10,0,0,0,0,0,-2,3,0,344.042590,0.000020,0.047000,
0,10,-10,0,0,0,0,0,0,-2,0,186.350590,0.000020,0.049000,
0,10,-10,0,0,0,0,0,0,0,0,186.350590,0.000020,0.160000,
0,10,-10,0,0,0,0,0,2,0,0,187.724680,0.000080,0.032000,
0,10,-9,0,0,0,0,0,-2,0,0,128.245520,0.000090,0.057000,
0,10,-9,0,0,0,0,0,-1,0,-1,184.509890,0.000020,0.054000,
0,10,-9,0,0,0,0,0,-1,2,-1,4.509890,0.000020,0.125000,
0,10,-9,0,0,0,0,0,2,0,0,211.752820,0.000060,0.031000,
0,10,-8,0,0,0,0,0,0,0,0,355.760360,0.000040,0.121000,
0,10,-7,0,0,0,0,0,0,0,0,248.879510,0.000050,0.108000,
0,10,-6,0,0,0,0,0,2,-2,0,110.501350,0.000030,0.118000,
0,10,-6,0,0,0,0,0,2,0,0,110.501350,0.000030,0.029000,
0,10,-3,0,0,0,0,0,-2,-1,0,150.662720,0.000210,0.040000,
0,10,-3,0,0,0,0,0,-2,0,0,150.662720,0.000130,0.087000,
0,10,-3,0,0,0,0,0,0,-3,0,150.662720,0.000040,0.038000,
0,10,-3,0,0,0,0,0,0,-2,0,149.609000,0.000730,0.075000,
0,10,-3,0,0,0,0,0,0,-1,0,225.680430,0.000300,1911.695000,
0,10,-3,0,0,0,0,0,0,0,0,330.179450,0.000600,0.075000,
0,10,-3,0,0,0,0,0,0,1,0,330.662720,0.000040,0.038000,
0,10,-3,0,0,0,0,0,2,-2,0,330.662720,0.000130,0.087000,
0,10,-3,0,0,0,0,0,2,-1,0,330.662720,0.000210,0.040000,
0,11,-18,0,0,0,0,0,-2,0,0,153.571750,0.000060,0.040000,
0,11,-16,0,0,0,0,0,-2,-2,0,160.114680,0.000040,0.020000,
0,11,-16,0,0,0,0,0,-2,0,0,160.114680,0.000430,0.044000,
0,11,-16,0,0,0,0,0,2,-1,0,24.320560,0.000030,0.075000,
0,11,-15,0,0,0,0,0,-2,0,0,215.246060,0.000060,0.046000,
0,11,-14,0,0,0,0,0,-2,0,0,249.165980,0.000030,0.048000,
0,11,-14,0,0,0,0,0,-2,1,0,130.252220,0.000040,0.132000,
0,11,-14,0,0,0,0,0,-2,2,0,169.643080,0.000040,0.177000,
0,11,-14,0,0,0,0,0,0,0,0,271.403030,0.000040,0.258000,
0,11,-13,0,0,0,0,0,-2,0,0,109.232530,0.000030,0.050000,
0,11,-13,0,0,0,0,0,-2,2,0,219.788080,0.000030,0.150000,
0,11,-13,0,0,0,0,0,0,-2,0,350.210560,0.000020,0.046000,
0,11,-13,0,0,0,0,0,0,0,0,350.210560,0.000020,0.205000,
0,11,-12,0,0,0,0,0,-1,0,-1,320.299140,0.000040,0.050000,
0,11,-12,0,0,0,0,0,0,-1,0,288.367690,0.000020,0.136000,
0,11,-12,0,0,0,0,0,0,0,0,265.629250,0.000030,0.170000,
0,11,-12,0,0,0,0,0,0,1,0,108.367690,0.000020,0.052000,
0,11,-12,0,0,0,0,0,0,2,0,294.037460,0.000020,0.031000,
0,11,-12,0,0,0,0,0,2,0,0,288.367690,0.000050,0.033000,
0,11,-11,0,0,0,0,0,2,0,0,173.714890,0.000060,0.032000,
0,11,-10,0,0,0,0,0,-2,0,0,128.477380,0.000090,0.059000,
0,11,-10,0,0,0,0,0,-1,0,-1,184.278450,0.000020,0.056000,
0,11,-10,0,0,0,0,0,-1,2,-1,4.278450,0.000020,0.116000,
0,11,-10,0,0,0,0,0,2,-3,0,251.085310,0.000020,0.140000,
0,11,-10,0,0,0,0,0,2,-1,0,251.085310,0.000020,0.052000,
0,11,-10,0,0,0,0,0,2,0,0,218.435040,0.000050,0.031000,
0,11,-8,0,0,0,0,0,0,0,0,248.928570,0.000020,0.101000,
0,11,-8,0,0,0,0,0,0,2,0,248.928570,0.000020,0.027000,
0,11,-8,0,0,0,0,0,2,-1,0,244.550960,0.000040,0.047000,
0,11,-8,0,0,0,0,0,2,0,0,150.700570,0.000030,0.029000,
0,11,-6,0,0,0,0,0,2,0,0,17.969630,0.000330,0.027000,
0,12,-19,0,0,0,0,0,-2,0,0,154.082820,0.000060,0.041000,
0,12,-18,0,0,0,0,0,-2,1,0,71.710150,0.000070,0.100000,
0,12,-18,0,0,0,0,0,0,-1,0,71.710150,0.000030,0.085000,
0,12,-18,0,0,0,0,0,0,1,0,251.710150,0.000030,0.068000,
0,12,-17,0,0,0,0,0,-2,0,0,160.080530,0.000330,0.045000,
0,12,-17,0,0,0,0,0,2,-1,0,340.094340,0.000030,0.071000,
0,12,-16,0,0,0,0,0,-2,0,0,175.243780,0.000040,0.047000,
0,12,-16,0,0,0,0,0,-2,2,0,268.962620,0.000020,0.189000,
0,12,-15,0,0,0,0,0,-2,0,0,296.635250,0.000030,0.049000,
0,12,-15,0,0,0,0,0,-2,2,0,116.635250,0.000030,0.159000,
0,12,-15,0,0,0,0,0,0,0,0,271.427570,0.000040,0.222000,
0,12,-14,0,0,0,0,0,-2,0,0,86.859760,0.000030,0.052000,
0,12,-14,0,0,0,0,0,-2,2,0,266.859760,0.000030,0.137000,
0,12,-14,0,0,0,0,0,2,-1,0,199.756580,0.000040,0.059000,
0,12,-13,0,0,0,0,0,0,0,0,132.385330,0.000020,0.154000,
0,12,-13,0,0,0,0,0,0,2,0,277.838740,0.000030,0.030000,
0,12,-13,0,0,0,0,0,2,-2,0,282.597400,0.000020,0.211000,
0,12,-13,0,0,0,0,0,2,0,0,107.793580,0.000230,0.032000,
0,12,-12,0,0,0,0,0,2,-2,0,162.565290,0.000020,0.174000,
0,12,-12,0,0,0,0,0,2,0,0,162.565290,0.000020,0.031000,
0,12,-11,0,0,0,0,0,-2,0,0,128.553690,0.000050,0.062000,
0,12,-11,0,0,0,0,0,-2,2,0,308.553690,0.000050,0.097000,
0,12,-10,0,0,0,0,0,2,0,0,148.267190,0.000040,0.029000,
0,12,-9,0,0,0,0,0,2,-3,0,248.968110,0.000020,0.221000,
0,12,-9,0,0,0,0,0,2,-2,0,9.653920,0.000020,0.115000,
0,12,-9,0,0,0,0,0,2,-1,0,248.968110,0.000020,0.045000,
0,12,-9,0,0,0,0,0,2,0,0,189.653920,0.000020,0.028000,
0,12,-8,0,0,0,0,0,-2,0,0,92.899650,0.000090,0.076000,
0,12,-8,0,0,0,0,0,-2,2,0,205.021320,0.000070,0.075000,
0,13,-20,0,0,0,0,0,-2,0,0,154.554320,0.000050,0.042000,
0,13,-19,0,0,0,0,0,-2,1,0,71.721250,0.000050,0.107000,
0,13,-18,0,0,0,0,0,-2,0,0,340.045600,0.000050,0.046000,
0,13,-18,0,0,0,0,0,0,-1,0,340.045600,0.000030,0.099000,
0,13,-18,0,0,0,0,0,0,1,0,160.045600,0.000030,0.061000,
0,13,-17,0,0,0,0,0,-2,0,0,112.249740,0.000050,0.049000,
0,13,-16,0,0,0,0,0,-2,0,0,299.174230,0.000030,0.051000,
0,13,-16,0,0,0,0,0,0,-2,0,122.908660,0.000020,0.047000,
0,13,-16,0,0,0,0,0,0,0,0,302.908660,0.000020,0.195000,
0,13,-15,0,0,0,0,0,-2,0,0,86.538040,0.000050,0.054000,
0,13,-14,0,0,0,0,0,2,0,0,107.443980,0.000240,0.031000,
0,13,-13,0,0,0,0,0,-2,0,0,165.242880,0.000150,0.060000,
0,13,-12,0,0,0,0,0,-2,-1,0,252.852250,0.000030,0.035000,
0,13,-12,0,0,0,0,0,-2,0,0,239.068360,0.000140,0.064000,
0,13,-12,0,0,0,0,0,-2,1,0,72.852250,0.000030,0.426000,
0,13,-12,0,0,0,0,0,-2,2,0,139.992280,0.000020,0.092000,
0,13,-12,0,0,0,0,0,-1,0,-1,183.904820,0.000020,0.060000,
0,13,-12,0,0,0,0,0,-1,2,-1,183.904820,0.000020,0.102000,
0,13,-11,0,0,0,0,0,2,0,0,160.119300,0.000050,0.029000,
0,13,-10,0,0,0,0,0,-2,-2,2,277.345800,0.000030,0.075000,
0,13,-10,0,0,0,0,0,-2,0,0,45.743070,0.000050,0.073000,
0,13,-10,0,0,0,0,0,-2,0,2,97.345800,0.000030,0.076000,
0,14,-21,0,0,0,0,0,-2,0,0,154.989590,0.000050,0.044000,
0,14,-19,0,0,0,0,0,-2,-2,0,340.009770,0.000020,0.021000,
0,14,-19,0,0,0,0,0,-2,0,0,340.044000,0.000270,0.048000,
0,14,-19,0,0,0,0,0,-2,1,0,340.009770,0.000040,0.129000,
0,14,-19,0,0,0,0,0,-2,3,0,160.009770,0.000040,0.053000,
0,14,-18,0,0,0,0,0,-2,0,0,97.349760,0.000060,0.050000,
0,14,-17,0,0,0,0,0,-2,0,0,298.684780,0.000040,0.053000,
0,14,-17,0,0,0,0,0,0,-2,0,302.884660,0.000020,0.048000,
0,14,-17,0,0,0,0,0,0,0,0,302.884660,0.000020,0.174000,
0,14,-16,0,0,0,0,0,-2,0,0,87.912760,0.000050,0.056000,
0,14,-15,0,0,0,0,0,2,-1,0,108.347170,0.000050,0.052000,
0,14,-14,0,0,0,0,0,-2,0,0,338.787300,0.000050,0.063000,
0,14,-13,0,0,0,0,0,-2,0,0,134.107690,0.000040,0.067000,
0,14,-13,0,0,0,0,0,-2,1,0,252.848850,0.000410,0.580000,
0,14,-12,0,0,0,0,0,2,-2,0,160.211180,0.000020,0.111000,
0,14,-12,0,0,0,0,0,2,0,0,160.211180,0.000020,0.028000,
0,14,-11,0,0,0,0,0,-2,0,0,234.758760,0.000060,0.077000,
0,14,-11,0,0,0,0,0,0,-2,0,125.186990,0.000020,0.068000,
0,14,-11,0,0,0,0,0,0,0,0,305.186990,0.000020,0.085000,
0,14,-9,0,0,0,0,0,0,0,0,17.919950,0.000020,0.073000,
0,14,-9,0,0,0,0,0,0,2,0,197.919950,0.000020,0.025000,
0,15,-22,0,0,0,0,0,-2,0,0,155.391720,0.000020,0.045000,
0,15,-22,0,0,0,0,0,-2,2,0,155.391720,0.000020,0.241000,
0,15,-20,0,0,0,0,0,-2,0,0,340.020460,0.000190,0.049000,
0,15,-20,0,0,0,0,0,-2,1,0,339.972940,0.000050,0.141000,
0,15,-19,0,0,0,0,0,-2,0,0,92.712950,0.000050,0.052000,
0,15,-18,0,0,0,0,0,-2,0,0,312.138660,0.000040,0.054000,
0,15,-17,0,0,0,0,0,-2,0,0,71.241960,0.000030,0.058000,
0,15,-17,0,0,0,0,0,-2,2,0,251.241960,0.000030,0.109000,
0,15,-16,0,0,0,0,0,0,0,0,103.474430,0.000050,0.119000,
0,15,-16,0,0,0,0,0,2,-1,0,108.333740,0.000040,0.050000,
0,15,-15,0,0,0,0,0,-2,0,0,341.953660,0.000070,0.065000,
0,15,-14,0,0,0,0,0,-2,0,0,95.250110,0.000030,0.070000,
0,15,-14,0,0,0,0,0,-2,2,0,275.250110,0.000030,0.082000,
0,15,-14,0,0,0,0,0,-1,0,-1,183.613470,0.000020,0.065000,
0,15,-14,0,0,0,0,0,-1,2,-1,3.613470,0.000020,0.090000,
0,15,-14,0,0,0,0,0,2,0,0,113.254010,0.000030,0.028000,
0,15,-13,0,0,0,0,0,-2,0,0,165.179560,0.000040,0.075000,
0,15,-13,0,0,0,0,0,-2,2,0,68.642910,0.000030,0.076000,
0,15,-12,0,0,0,0,0,-1,0,-1,85.147180,0.000040,0.075000,
0,16,-21,0,0,0,0,0,-2,0,0,339.991990,0.000170,0.051000,
0,16,-21,0,0,0,0,0,0,0,0,159.935060,0.000070,0.200000,
0,16,-20,0,0,0,0,0,-2,0,0,118.711010,0.000040,0.053000,
0,16,-19,0,0,0,0,0,-2,0,0,299.108660,0.000040,0.056000,
0,16,-18,0,0,0,0,0,-2,0,0,94.660080,0.000020,0.060000,
0,16,-18,0,0,0,0,0,-2,2,0,274.660080,0.000020,0.102000,
0,16,-18,0,0,0,0,0,2,0,0,19.925100,0.000050,0.031000,
0,16,-17,0,0,0,0,0,-2,0,0,85.585670,0.000020,0.064000,
0,16,-17,0,0,0,0,0,-2,2,0,85.585670,0.000020,0.093000,
0,16,-16,0,0,0,0,0,-2,0,0,338.325820,0.000080,0.068000,
0,16,-16,0,0,0,0,0,-2,2,0,204.347080,0.000020,0.085000,
0,16,-16,0,0,0,0,0,-1,0,-1,202.739170,0.000020,0.063000,
0,16,-16,0,0,0,0,0,-1,2,-1,202.739170,0.000020,0.093000,
0,16,-15,0,0,0,0,0,-2,0,0,221.675680,0.000020,0.073000,
0,16,-15,0,0,0,0,0,-2,2,0,221.675680,0.000020,0.078000,
0,16,-15,0,0,0,0,0,2,0,0,75.696630,0.000050,0.028000,
0,16,-14,0,0,0,0,0,-1,0,-1,181.209940,0.000050,0.073000,
0,16,-14,0,0,0,0,0,-1,0,1,181.209940,0.000050,0.077000,
0,16,-13,0,0,0,0,0,0,0,0,77.776000,0.000090,0.077000,
0,16,-11,0,0,0,0,0,2,-2,0,193.428260,0.000020,0.076000,
0,16,-11,0,0,0,0,0,2,0,0,13.428260,0.000020,0.025000,
0,17,-22,0,0,0,0,0,-2,0,0,166.141070,0.000020,0.052000,
0,17,-22,0,0,0,0,0,-2,2,0,346.141070,0.000020,0.135000,
0,17,-22,0,0,0,0,0,0,0,0,159.896050,0.000060,0.178000,
0,17,-21,0,0,0,0,0,-2,0,0,119.893210,0.000040,0.055000,
0,17,-19,0,0,0,0,0,-2,0,0,59.833160,0.000020,0.062000,
0,17,-19,0,0,0,0,0,-2,2,0,59.833160,0.000020,0.096000,
0,17,-19,0,0,0,0,0,2,0,0,19.955140,0.000040,0.030000,
0,17,-18,0,0,0,0,0,-2,0,0,85.145480,0.000050,0.066000,
0,17,-17,0,0,0,0,0,-2,0,0,244.587600,0.000040,0.071000,
0,17,-17,0,0,0,0,0,-1,0,-1,202.763500,0.000020,0.066000,
0,17,-17,0,0,0,0,0,-1,2,-1,22.763500,0.000020,0.088000,
0,17,-16,0,0,0,0,0,-2,-2,0,252.818680,0.000020,0.025000,
0,17,-16,0,0,0,0,0,-2,0,0,252.818680,0.000020,0.076000,
0,17,-16,0,0,0,0,0,-1,-2,1,56.519830,0.000030,0.072000,
0,17,-16,0,0,0,0,0,-1,0,1,236.519830,0.000030,0.079000,
0,18,-23,0,0,0,0,0,-2,0,0,166.105450,0.000040,0.054000,
0,18,-23,0,0,0,0,0,0,0,0,159.855890,0.000050,0.160000,
0,18,-22,0,0,0,0,0,-2,0,0,132.021960,0.000030,0.057000,
0,18,-20,0,0,0,0,0,-2,0,0,60.182050,0.000020,0.065000,
0,18,-20,0,0,0,0,0,-2,2,0,60.182050,0.000020,0.091000,
0,18,-19,0,0,0,0,0,-2,0,0,71.012680,0.000040,0.069000,
0,18,-18,0,0,0,0,0,-2,0,0,215.629820,0.000020,0.074000,
0,18,-18,0,0,0,0,0,-2,2,0,35.629820,0.000020,0.077000,
0,18,-17,0,0,0,0,0,-2,-1,0,127.502430,0.000040,0.039000,
0,18,-17,0,0,0,0,0,-2,0,0,321.292910,0.000050,0.080000,
0,18,-17,0,0,0,0,0,-2,1,0,72.802570,0.000380,1.286000,
0,18,-17,0,0,0,0,0,-1,-2,1,79.597850,0.000020,0.076000,
0,18,-17,0,0,0,0,0,-1,0,1,79.597850,0.000020,0.075000,
0,18,-17,0,0,0,0,0,0,-2,0,127.502430,0.000060,0.070000,
0,18,-17,0,0,0,0,0,0,0,0,127.502430,0.000080,0.082000,
0,18,-17,0,0,0,0,0,2,-2,0,127.502430,0.000090,0.095000,
0,18,-17,0,0,0,0,0,2,-1,0,127.502430,0.000250,0.042000,
0,18,-17,0,0,0,0,0,2,0,0,127.502430,0.000020,0.027000,
0,18,-16,0,0,0,0,0,-4,-1,0,204.565500,0.000030,0.020000,
0,18,-16,0,0,0,0,0,-4,0,0,204.565500,0.000060,0.028000,
0,18,-16,0,0,0,0,0,-4,1,0,204.565500,0.000030,0.044000,
0,18,-16,0,0,0,0,0,-2,-3,0,204.565500,0.000030,0.020000,
0,18,-16,0,0,0,0,0,-2,-2,0,204.565500,0.000320,0.026000,
0,18,-16,0,0,0,0,0,-2,-1,0,204.565500,0.003640,0.040000,
0,18,-16,0,0,0,0,0,-2,0,0,204.589140,0.002410,0.087000,
0,18,-16,0,0,0,0,0,-1,-1,0,24.565500,0.000070,0.081000,
0,18,-16,0,0,0,0,0,0,-4,0,204.565500,0.000040,0.025000,
0,18,-16,0,0,0,0,0,0,-3,0,204.453910,0.000720,0.038000,
0,18,-16,0,0,0,0,0,0,-2,0,204.554060,0.013020,0.075000,
0,18,-16,0,0,0,0,0,0,-2,2,204.565500,0.000050,0.074000,
0,18,-16,0,0,0,0,0,0,-1,0,351.087990,0.000550,273.043000,
0,18,-16,0,0,0,0,0,0,0,-2,24.565500,0.000050,0.074000,
0,18,-16,0,0,0,0,0,0,0,0,24.795240,0.012250,0.075000,
0,18,-16,0,0,0,0,0,0,1,0,24.684040,0.000680,0.038000,
0,18,-16,0,0,0,0,0,0,2,0,24.565500,0.000040,0.025000,
0,18,-16,0,0,0,0,0,1,-1,0,204.565500,0.000070,0.081000,
0,18,-16,0,0,0,0,0,2,-2,0,24.577090,0.002260,0.087000,
0,18,-16,0,0,0,0,0,2,-1,0,24.565500,0.003640,0.040000,
0,18,-16,0,0,0,0,0,2,0,0,24.565500,0.000320,0.026000,
0,18,-16,0,0,0,0,0,2,1,0,24.565500,0.000030,0.020000,
0,18,-16,0,0,0,0,0,4,-3,0,24.565500,0.000030,0.044000,
0,18,-16,0,0,0,0,0,4,-2,0,24.565500,0.000060,0.028000,
0,18,-16,0,0,0,0,0,4,-1,0,24.565500,0.000030,0.020000,
0,18,-15,0,0,0,0,0,-2,-2,0,101.628570,0.000020,0.027000,
0,18,-15,0,0,0,0,0,-2,-1,0,101.628570,0.000250,0.042000,
0,18,-15,0,0,0,0,0,-2,0,0,102.856860,0.000070,0.095000,
0,18,-15,0,0,0,0,0,-2,2,0,98.410310,0.000030,0.062000,
0,18,-15,0,0,0,0,0,0,-2,0,101.628570,0.000080,0.082000,
0,18,-15,0,0,0,0,0,0,0,0,101.628570,0.000060,0.070000,
0,18,-15,0,0,0,0,0,1,0,-1,44.230710,0.000040,0.076000,
0,18,-15,0,0,0,0,0,2,-1,0,101.628570,0.000040,0.039000,
0,18,-15,0,0,0,0,0,2,0,0,69.060730,0.000040,0.026000,
0,19,-26,0,0,0,0,0,-2,0,0,336.656550,0.000030,0.050000,
0,19,-24,0,0,0,0,0,-2,0,0,166.068140,0.000030,0.056000,
0,19,-24,0,0,0,0,0,0,-2,0,159.814550,0.000020,0.051000,
0,19,-24,0,0,0,0,0,0,0,0,159.814550,0.000020,0.145000,
0,19,-23,0,0,0,0,0,-2,0,0,159.118650,0.000040,0.059000,
0,19,-23,0,0,0,0,0,-2,2,0,71.473330,0.000020,0.104000,
0,19,-21,0,0,0,0,0,-2,0,0,86.471660,0.000050,0.067000,
0,19,-21,0,0,0,0,0,-2,2,0,167.649070,0.000020,0.086000,
0,19,-20,0,0,0,0,0,0,-2,0,71.436730,0.000020,0.064000,
0,19,-20,0,0,0,0,0,0,0,0,251.436730,0.000020,0.092000,
0,19,-20,0,0,0,0,0,2,0,0,288.251920,0.000050,0.028000,
0,19,-19,0,0,0,0,0,-2,0,0,55.149400,0.000080,0.078000,
0,19,-19,0,0,0,0,0,-1,0,-1,330.393880,0.000040,0.072000,
0,19,-19,0,0,0,0,0,0,0,0,333.793180,0.000060,0.084000,
0,19,-18,0,0,0,0,0,-2,0,0,339.920760,0.000070,0.084000,
0,19,-18,0,0,0,0,0,-2,2,0,304.232780,0.000030,0.068000,
0,19,-18,0,0,0,0,0,0,-2,0,117.350990,0.000020,0.073000,
0,19,-18,0,0,0,0,0,0,0,0,29.221500,0.000040,0.078000,
0,19,-17,0,0,0,0,0,-2,0,0,206.474720,0.000050,0.092000,
0,19,-17,0,0,0,0,0,0,-2,0,8.405030,0.000020,0.079000,
0,19,-17,0,0,0,0,0,0,0,0,8.405030,0.000020,0.072000,
0,20,-24,0,0,0,0,0,-2,0,0,159.554120,0.000040,0.062000,
0,20,-24,0,0,0,0,0,-2,2,0,71.668500,0.000020,0.097000,
0,20,-22,0,0,0,0,0,-2,0,0,225.850910,0.000020,0.070000,
0,20,-22,0,0,0,0,0,-2,2,0,225.850910,0.000020,0.081000,
0,20,-21,0,0,0,0,0,-2,0,0,204.207410,0.000130,0.076000,
0,20,-21,0,0,0,0,0,-2,1,0,231.738970,0.000330,34.812000,
0,20,-21,0,0,0,0,0,-2,2,0,322.763070,0.000080,0.075000,
0,20,-21,0,0,0,0,0,-1,0,-1,318.306220,0.000040,0.070000,
0,20,-21,0,0,0,0,0,2,0,0,288.225160,0.000040,0.028000,
0,20,-20,0,0,0,0,0,-1,0,-1,27.356710,0.000040,0.075000,
0,20,-20,0,0,0,0,0,-1,2,-1,207.356710,0.000040,0.076000,
0,20,-20,0,0,0,0,0,0,-2,0,216.474650,0.000020,0.071000,
0,20,-20,0,0,0,0,0,0,0,0,216.474650,0.000020,0.080000,
0,20,-19,0,0,0,0,0,-2,0,0,350.787810,0.000030,0.089000,
0,20,-19,0,0,0,0,0,-1,0,-1,55.608710,0.000050,0.081000,
0,20,-19,0,0,0,0,0,0,0,0,238.771390,0.000050,0.074000,
0,21,-26,0,0,0,0,0,0,0,0,339.822690,0.000030,0.123000,
0,21,-25,0,0,0,0,0,-2,0,0,153.124220,0.000030,0.064000,
0,21,-25,0,0,0,0,0,-2,2,0,43.904550,0.000030,0.092000,
0,21,-24,0,0,0,0,0,-2,0,0,291.385730,0.000030,0.068000,
0,21,-22,0,0,0,0,0,-2,0,0,265.710800,0.000050,0.079000,
0,21,-22,0,0,0,0,0,-1,0,-1,17.147490,0.000020,0.073000,
0,21,-22,0,0,0,0,0,-1,2,-1,197.147490,0.000020,0.078000,
0,21,-21,0,0,0,0,0,0,0,0,155.737920,0.000040,0.076000,
0,21,-20,0,0,0,0,0,1,0,-1,63.476230,0.000040,0.076000,
0,22,-26,0,0,0,0,0,-2,0,0,121.829030,0.000030,0.067000,
0,22,-25,0,0,0,0,0,-2,0,0,182.095590,0.000060,0.072000,
0,22,-23,0,0,0,0,0,-1,0,-1,157.153160,0.000050,0.077000,
0,22,-23,0,0,0,0,0,-1,2,-1,275.799700,0.000020,0.074000,
0,22,-21,0,0,0,0,0,0,-2,0,244.362970,0.000030,0.085000,
0,22,-21,0,0,0,0,0,0,0,0,64.362970,0.000030,0.068000,
0,23,-26,0,0,0,0,0,-2,0,0,169.627770,0.000020,0.075000,
0,23,-26,0,0,0,0,0,-2,2,0,169.627770,0.000020,0.076000,
0,23,-25,0,0,0,0,0,-2,0,0,313.331150,0.000030,0.081000,
0,23,-25,0,0,0,0,0,-2,2,0,313.331150,0.000030,0.071000,
0,23,-25,0,0,0,0,0,-1,0,-1,84.089400,0.000050,0.075000,
0,23,-24,0,0,0,0,0,0,0,0,97.386630,0.000070,0.075000,
0,23,-23,0,0,0,0,0,1,0,-1,203.562700,0.000040,0.075000,
0,24,-28,0,0,0,0,0,-2,0,0,259.163470,0.000020,0.073000,
0,24,-28,0,0,0,0,0,-2,2,0,259.163470,0.000020,0.078000,
0,24,-27,0,0,0,0,0,-2,0,0,6.812210,0.000050,0.079000,
0,24,-26,0,0,0,0,0,0,-2,0,265.309160,0.000020,0.074000,
0,24,-26,0,0,0,0,0,0,0,0,265.309160,0.000020,0.077000,
0,24,-24,0,0,0,0,0,0,-2,0,344.480600,0.000030,0.087000,
0,24,-24,0,0,0,0,0,0,0,0,344.480600,0.000030,0.067000,
0,24,-23,0,0,0,0,0,-2,0,0,250.630220,0.000020,0.115000,
0,24,-23,0,0,0,0,0,-2,2,0,70.630220,0.000020,0.056000,
0,25,-30,0,0,0,0,0,-2,0,0,165.875800,0.000020,0.071000,
0,25,-30,0,0,0,0,0,-2,2,0,345.875800,0.000020,0.081000,
0,25,-29,0,0,0,0,0,-2,0,0,192.204470,0.000050,0.076000,
0,25,-28,0,0,0,0,0,0,-2,0,307.923150,0.000020,0.072000,
0,25,-28,0,0,0,0,0,0,0,0,307.923150,0.000020,0.079000,
0,26,-31,0,0,0,0,0,-2,0,0,276.433900,0.000030,0.074000,
0,26,-31,0,0,0,0,0,-2,2,0,178.066910,0.000020,0.077000,
0,26,-29,0,0,0,0,0,0,-2,0,352.006710,0.000030,0.075000,
0,26,-29,0,0,0,0,0,0,0,0,172.006710,0.000030,0.075000,
0,26,-28,0,0,0,0,0,1,0,-1,109.485890,0.000040,0.076000,
0,27,-32,0,0,0,0,0,-2,0,0,121.107280,0.000020,0.078000,
0,27,-32,0,0,0,0,0,-2,2,0,121.107280,0.000020,0.073000,
0,28,-33,0,0,0,0,0,0,-2,0,159.389220,0.000020,0.071000,
0,28,-33,0,0,0,0,0,0,0,0,159.389220,0.000020,0.080000,
0,29,-34,0,0,0,0,0,-2,0,0,158.705470,0.000060,0.086000,
0,29,-34,0,0,0,0,0,-2,2,0,341.199600,0.000020,0.067000,
0,30,-36,0,0,0,0,0,-2,0,0,251.616330,0.000050,0.084000,
0,31,-39,0,0,0,0,0,-2,0,0,244.727890,0.000040,0.075000,
0,31,-39,0,0,0,0,0,-2,2,0,64.727890,0.000040,0.076000,
0,31,-37,0,0,0,0,0,0,-2,0,251.596480,0.000040,0.076000,
0,31,-37,0,0,0,0,0,0,0,0,71.596480,0.000040,0.075000,
0,34,-42,0,0,0,0,0,0,0,0,245.432240,0.000060,0.075000,
3,0,-1,0,0,0,0,0,-2,0,0,63.348720,0.000050,0.075000