0,0,0,0,0,0,0,0,1,0,0,73.435780,0.000100,0.081000,
0,0,0,0,0,0,0,0,2,0,-1,277.117190,0.000050,0.088000,
0,0,0,0,1,0,0,0,-2,0,1,300.691880,0.000040,0.089000,
0,0,0,0,1,0,0,0,0,0,-1,354.551590,0.000010,0.075000,
0,0,0,0,1,0,0,0,0,0,1,354.551590,0.000010,0.074000,
0,0,0,0,1,0,0,0,1,0,0,4.024180,0.000060,0.080000,
0,0,0,0,1,0,0,0,2,0,-1,300.722700,0.000040,0.088000,
0,0,0,0,2,-5,0,0,-2,1,-1,259.581320,0.000010,0.040000,
0,0,0,0,2,-5,0,0,0,-1,-1,78.692820,0.000060,0.037000,
0,0,0,0,2,-5,0,0,0,-1,1,79.581320,0.000050,6.038000,
0,0,0,0,2,-5,0,0,0,0,-1,270.672000,0.000020,0.074000,
0,0,0,0,2,-5,0,0,0,0,1,270.672000,0.000020,0.075000,
0,0,0,0,2,-5,0,0,0,1,-1,79.581320,0.000050,5.956000,
0,0,0,0,2,-5,0,0,0,1,1,78.692820,0.000060,0.037000,
0,0,0,0,2,-5,0,0,2,-1,1,259.581320,0.000010,0.040000,
0,0,0,0,2,0,0,0,1,0,0,55.076500,0.000020,0.080000,
0,0,0,1,0,0,0,0,-2,0,1,302.939440,0.000030,0.093000,
0,0,0,1,0,0,0,0,-1,0,0,294.374620,0.000050,0.084000,
0,0,0,1,0,0,0,0,-1,0,2,114.374620,0.000050,0.067000,
0,0,0,1,0,0,0,0,0,0,-1,120.031400,0.000030,0.078000,
0,0,0,1,0,0,0,0,0,0,1,120.031400,0.000030,0.072000,
0,0,0,1,0,0,0,0,1,0,-2,230.496560,0.000030,0.072000,
0,0,0,1,0,0,0,0,1,0,0,12.948190,0.000040,0.078000,
0,0,0,2,0,0,0,0,-1,0,0,159.716870,0.000020,0.088000,
0,0,0,2,0,0,0,0,1,0,0,15.746060,0.000090,0.074000,
0,0,0,3,0,0,0,0,1,0,-2,72.483110,0.000030,0.078000,
0,0,0,3,0,0,0,0,1,0,0,338.599460,0.000040,0.072000,
0,0,0,3,0,0,0,0,2,0,-1,193.962280,0.000030,0.077000,
0,0,0,4,0,0,0,0,2,0,-3,102.785020,0.000010,0.075000,
0,0,0,4,0,0,0,0,2,0,-1,43.309310,0.000070,0.074000,
0,0,0,5,0,0,0,0,2,0,-1,251.263400,0.000020,0.072000,
0,0,0,6,0,0,0,0,2,0,-1,280.462290,0.000060,0.069000,
0,0,0,7,0,0,0,0,2,0,-1,129.655570,0.000020,0.067000,
0,0,1,-6,0,0,0,0,-2,0,1,114.241150,0.000030,0.074000,
0,0,1,-5,0,0,0,0,-2,0,1,135.822770,0.000050,0.077000,
0,0,1,-5,0,0,0,0,-2,0,3,141.677360,0.000010,0.072000,
0,0,1,-5,0,0,0,0,-1,0,0,166.196130,0.000050,0.071000,
0,0,1,-5,0,0,0,0,-1,0,2,15.276080,0.000020,0.078000,
0,0,1,-4,0,0,0,0,-1,0,0,83.247520,0.000010,0.074000,
0,0,1,-4,0,0,0,0,-1,0,2,83.247520,0.000010,0.075000,
0,0,1,-3,0,0,0,0,-1,0,0,109.851380,0.000050,0.077000,
0,0,1,-3,0,0,0,0,1,0,-2,320.566580,0.000010,0.066000,
0,0,1,-3,0,0,0,0,1,0,0,320.566580,0.000010,0.085000,
0,0,1,-2,0,0,0,0,-2,0,1,52.928860,0.000040,0.088000,
0,0,1,-2,0,0,0,0,-1,0,0,128.118460,0.000070,0.080000,
0,0,1,-2,0,0,0,0,0,-1,-1,46.383240,0.000030,0.037000,
0,0,1,-2,0,0,0,0,0,-1,1,40.623150,0.000020,9.672000,
0,0,1,-2,0,0,0,0,0,1,-1,40.623150,0.000020,4.346000,
0,0,1,-2,0,0,0,0,0,1,1,46.383240,0.000030,0.038000,
0,0,1,-2,0,0,0,0,1,0,0,351.370340,0.000040,0.081000,
0,0,1,-2,0,0,0,0,2,-1,-1,54.183320,0.000020,0.499000,
0,0,1,-2,0,0,0,0,2,-1,1,54.183320,0.000020,0.040000,
0,0,1,-2,0,0,0,0,2,0,-1,54.143470,0.000060,0.089000,
0,0,1,-1,0,0,0,0,-2,0,1,273.702540,0.000020,0.092000,
0,0,1,-1,0,0,0,0,-1,0,0,122.137770,0.000070,0.084000,
0,0,1,-1,0,0,0,0,-1,0,2,319.355030,0.000020,0.067000,
0,0,1,-1,0,0,0,0,0,0,-1,89.753740,0.000040,0.077000,
0,0,1,-1,0,0,0,0,0,0,1,89.753740,0.000040,0.072000,
0,0,1,-1,0,0,0,0,1,0,0,37.686110,0.000020,0.078000,
0,0,1,-1,0,0,0,0,2,0,-3,86.194310,0.000020,0.066000,
0,0,1,-1,0,0,0,0,2,0,-1,266.194310,0.000020,0.085000,
0,0,1,0,-3,0,0,0,0,0,-1,30.477280,0.000010,0.079000,
0,0,1,0,-3,0,0,0,0,0,1,30.477280,0.000010,0.071000,
0,0,1,0,-2,0,0,0,-2,0,-1,43.950140,0.000010,0.027000,
0,0,1,0,-2,0,0,0,-2,0,1,43.948260,0.000050,0.095000,
0,0,1,0,-2,0,0,0,-1,0,0,342.040100,0.000050,0.087000,
0,0,1,0,-2,0,0,0,1,-1,0,153.542950,0.000020,17.980000,
0,0,1,0,-2,0,0,0,1,0,0,333.542380,0.000320,0.076000,
0,0,1,0,-2,0,0,0,1,1,0,333.542380,0.000020,0.038000,
0,0,1,0,-2,0,0,0,2,0,-1,42.817460,0.000020,0.082000,
0,0,1,0,-2,5,0,0,1,0,0,141.263300,0.000030,0.075000,
0,0,1,0,-1,0,0,0,1,0,0,164.862310,0.000120,0.075000,
0,0,1,0,0,-2,0,0,1,0,0,14.881710,0.000140,0.075000,
0,0,1,0,0,-1,0,0,1,0,0,273.506130,0.000040,0.075000,
0,0,1,0,0,0,0,0,-2,0,1,183.125430,0.000040,0.097000,
0,0,1,0,0,0,0,0,-1,0,-2,101.831200,0.000020,0.026000,
0,0,1,0,0,0,0,0,-1,0,0,302.390440,0.000050,0.088000,
0,0,1,0,0,0,0,0,-1,0,2,178.303500,0.000010,0.065000,
0,0,1,0,0,0,0,0,-1,1,0,21.300720,0.000040,0.530000,
0,0,1,0,0,0,0,0,0,0,-1,120.799230,0.000060,0.081000,
0,0,1,0,0,0,0,0,0,0,1,120.799230,0.000060,0.069000,
0,0,1,0,0,0,0,0,1,-2,0,138.643160,0.000030,0.076000,
0,0,1,0,0,0,0,0,1,-1,0,189.575410,0.000070,8.850000,
0,0,1,0,0,0,0,0,1,0,0,11.136870,0.001320,0.075000,
0,0,1,0,0,0,0,0,1,1,0,9.575940,0.000070,0.038000,
0,0,1,0,0,0,0,0,2,0,-3,32.971630,0.000020,0.069000,
0,0,1,0,0,0,0,0,2,0,-1,281.314340,0.000060,0.081000,
0,0,1,0,0,1,0,0,1,0,0,340.862290,0.000120,0.075000,
0,0,1,0,0,2,0,0,1,0,0,136.952010,0.000060,0.074000,
0,0,1,0,1,-1,0,0,1,0,0,167.073650,0.000020,0.075000,
0,0,1,0,1,0,0,0,1,0,0,177.160170,0.000140,0.074000,
0,0,1,0,2,-5,0,0,1,0,0,175.979860,0.000080,0.075000,
0,0,1,0,2,0,0,0,1,0,0,141.866550,0.000170,0.074000,
0,0,1,0,3,0,0,0,1,0,0,140.111310,0.000020,0.073000,
0,0,1,1,0,0,0,0,0,0,-1,151.535810,0.000020,0.084000,
0,0,1,1,0,0,0,0,0,0,1,151.535810,0.000020,0.067000,
0,0,1,1,0,0,0,0,1,0,0,254.263270,0.000030,0.072000,
0,0,1,2,0,0,0,0,1,0,-2,178.986040,0.000020,0.081000,
0,0,1,2,0,0,0,0,1,0,0,358.986040,0.000020,0.069000,
0,0,1,2,0,0,0,0,2,0,-3,195.519640,0.000020,0.074000,
0,0,1,2,0,0,0,0,2,0,-1,183.424680,0.000090,0.075000,
0,0,1,4,0,0,0,0,2,0,-3,71.267410,0.000040,0.081000,
0,0,1,4,0,0,0,0,2,0,-1,251.267410,0.000040,0.069000,
0,0,2,-9,0,0,0,0,-2,0,1,230.332980,0.000060,0.071000,
0,0,2,-8,0,0,0,0,-2,0,1,80.557930,0.000030,0.074000,
0,0,2,-8,0,0,0,0,-2,0,3,260.557930,0.000030,0.075000,
0,0,2,-7,0,0,0,0,-2,0,1,108.194440,0.000020,0.077000,
0,0,2,-7,0,0,0,0,-2,2,-1,108.281040,0.000010,0.075000,
0,0,2,-7,0,0,0,0,-2,2,1,288.281040,0.000010,0.074000,
0,0,2,-6,0,0,0,0,-2,0,1,316.421070,0.000010,0.080000,
0,0,2,-6,0,0,0,0,-2,0,3,316.421070,0.000010,0.070000,
0,0,2,-6,0,0,0,0,-1,0,0,247.709600,0.000020,0.074000,
0,0,2,-6,0,0,0,0,-1,0,2,278.110750,0.000010,0.075000,
0,0,2,-5,0,0,0,0,-1,0,0,47.552730,0.000040,0.077000,
0,0,2,-5,0,0,0,0,-1,0,2,189.559810,0.000020,0.072000,
0,0,2,-4,0,0,0,0,-2,0,1,27.599500,0.000020,0.087000,
0,0,2,-4,0,0,0,0,-1,0,0,56.023250,0.000050,0.080000,
0,0,2,-4,0,0,0,0,0,0,-1,189.147110,0.000070,0.074000,
0,0,2,-4,0,0,0,0,0,0,1,189.147110,0.000070,0.075000,
0,0,2,-4,0,0,0,0,1,0,-2,230.839830,0.000010,0.068000,
0,0,2,-4,0,0,0,0,1,0,0,230.839830,0.000010,0.082000,
0,0,2,-3,0,0,0,0,-1,0,0,99.158620,0.000030,0.084000,
0,0,2,-3,0,0,0,0,-1,0,2,64.632080,0.000020,0.067000,
0,0,2,-3,0,0,0,0,0,0,-1,57.095510,0.000030,0.077000,
0,0,2,-3,0,0,0,0,0,0,1,57.095510,0.000030,0.072000,
0,0,2,-3,0,0,0,0,1,0,0,290.445120,0.000050,0.078000,
0,0,2,-3,0,0,0,0,2,0,-3,236.992910,0.000020,0.066000,
0,0,2,-3,0,0,0,0,2,0,-1,236.767200,0.000040,0.085000,
0,0,2,-2,0,0,0,0,1,0,0,202.604020,0.000050,0.075000,
0,0,2,-2,0,0,0,0,2,0,-3,266.072430,0.000020,0.069000,
0,0,2,-2,0,0,0,0,2,0,-1,266.072430,0.000020,0.082000,
0,0,2,-1,0,0,0,0,-1,0,0,119.186100,0.000020,0.092000,
0,0,2,-1,0,0,0,0,-1,0,2,299.186100,0.000020,0.063000,
0,0,2,-1,0,0,0,0,1,0,0,194.068660,0.000050,0.072000,
0,0,2,-1,0,0,0,0,2,0,-1,297.292730,0.000030,0.078000,
0,0,2,0,-3,0,0,0,0,-1,-1,239.338620,0.000020,0.040000,
0,0,2,0,-3,0,0,0,0,-1,1,239.338560,0.000020,0.523000,
0,0,2,0,-3,0,0,0,0,0,-1,241.354980,0.000010,0.086000,
0,0,2,0,-3,0,0,0,0,0,1,241.354980,0.000010,0.066000,
0,0,2,0,-3,0,0,0,2,-2,-1,59.289160,0.000030,0.074000,
0,0,2,0,-3,0,0,0,2,-2,1,59.289160,0.000030,0.075000,
0,0,2,0,-3,0,0,0,2,-1,-1,59.338530,0.000100,5.163000,
0,0,2,0,-3,0,0,0,2,-1,1,59.336970,0.000110,0.038000,
0,0,2,0,-2,0,0,0,1,0,0,123.550440,0.000020,0.070000,
0,0,2,0,-1,0,0,0,1,0,0,185.349630,0.000070,0.070000,
0,0,2,0,0,0,0,0,0,0,-1,245.923500,0.000020,0.088000,
0,0,2,0,0,0,0,0,0,0,1,245.923500,0.000020,0.065000,
0,0,2,0,0,0,0,0,1,0,0,301.048030,0.000060,0.070000,
0,0,2,0,0,0,0,0,2,0,-3,154.155500,0.000030,0.074000,
0,0,2,0,0,0,0,0,2,0,-1,342.929270,0.000060,0.075000,
0,0,2,0,0,3,0,0,2,0,-3,92.980420,0.000040,0.074000,
0,0,2,0,0,3,0,0,2,0,-1,272.980420,0.000040,0.075000,
0,0,2,0,1,0,0,0,1,0,0,140.187990,0.000030,0.069000,
0,0,2,0,1,0,0,0,2,0,-3,261.441390,0.000020,0.074000,
0,0,2,0,1,0,0,0,2,0,-1,261.441390,0.000020,0.075000,
0,0,2,1,0,0,0,0,1,0,-2,93.498570,0.000020,0.084000,
0,0,2,1,0,0,0,0,1,0,0,273.498570,0.000020,0.067000,
0,0,2,1,0,0,0,0,2,0,-1,191.784340,0.000090,0.072000,
0,0,2,2,0,0,0,0,2,0,-1,222.101750,0.000060,0.070000,
0,0,2,3,0,0,0,0,2,0,-1,250.953410,0.000030,0.067000,
0,0,2,4,0,0,0,0,2,0,-3,280.456790,0.000010,0.088000,
0,0,2,4,0,0,0,0,2,0,-1,100.456790,0.000010,0.065000,
0,0,3,-11,0,0,0,0,-2,0,1,21.146160,0.000010,0.071000,
0,0,3,-11,0,0,0,0,-2,0,3,201.146160,0.000010,0.079000,
0,0,3,-10,0,0,0,0,-2,0,1,230.620990,0.000010,0.073000,
0,0,3,-10,0,0,0,0,-2,0,3,50.620990,0.000010,0.076000,
0,0,3,-9,0,0,0,0,-2,0,1,79.378770,0.000020,0.076000,
0,0,3,-9,0,0,0,0,-2,2,1,258.936330,0.000030,0.075000,
0,0,3,-8,0,0,0,0,-2,0,1,108.025550,0.000020,0.080000,
0,0,3,-8,0,0,0,0,-2,0,3,108.025550,0.000020,0.070000,
0,0,3,-8,0,0,0,0,-1,0,0,163.803820,0.000030,0.073000,
0,0,3,-7,0,0,0,0,-1,0,0,3.925600,0.000040,0.076000,
0,0,3,-7,0,0,0,0,-1,2,0,339.855510,0.000050,0.075000,
0,0,3,-6,0,0,0,0,-1,0,0,39.748880,0.000030,0.080000,
0,0,3,-6,0,0,0,0,-1,0,2,176.162030,0.000010,0.070000,
0,0,3,-6,0,0,0,0,0,0,-1,225.759890,0.000030,0.073000,
0,0,3,-6,0,0,0,0,0,0,1,225.759890,0.000030,0.076000,
0,0,3,-5,0,0,0,0,-1,0,0,108.643150,0.000030,0.083000,
0,0,3,-5,0,0,0,0,0,0,-1,28.919670,0.000030,0.076000,
0,0,3,-5,0,0,0,0,0,0,1,28.919670,0.000030,0.073000,
0,0,3,-5,0,0,0,0,1,0,-2,154.518820,0.000020,0.071000,
0,0,3,-5,0,0,0,0,1,0,0,317.770440,0.000060,0.079000,
0,0,3,-4,0,0,0,0,-1,0,0,43.897530,0.000040,0.087000,
0,0,3,-4,0,0,0,0,-1,0,2,303.725940,0.000010,0.065000,
0,0,3,-4,0,0,0,0,1,0,0,287.589930,0.000060,0.076000,
0,0,3,-4,0,0,0,0,2,0,-1,236.884240,0.000050,0.082000,
0,0,3,-3,0,0,0,0,-1,0,0,111.979780,0.000010,0.091000,
0,0,3,-3,0,0,0,0,-1,0,2,111.979780,0.000010,0.063000,
0,0,3,-3,0,0,0,0,2,0,-3,266.588040,0.000010,0.071000,
0,0,3,-3,0,0,0,0,2,0,-1,265.723680,0.000030,0.079000,
0,0,3,-2,0,0,0,0,0,0,-1,122.281190,0.000020,0.087000,
0,0,3,-2,0,0,0,0,0,0,1,122.281190,0.000020,0.065000,
0,0,3,-2,0,0,0,0,1,0,0,277.842840,0.000050,0.070000,
0,0,3,-2,0,0,0,0,2,0,-1,117.575880,0.000030,0.075000,
0,0,3,-1,0,0,0,0,1,0,-2,97.155370,0.000020,0.083000,
0,0,3,-1,0,0,0,0,1,0,0,316.837230,0.000030,0.067000,
0,0,3,-1,0,0,0,0,2,0,-3,140.891320,0.000040,0.077000,
0,0,3,-1,0,0,0,0,2,0,-1,74.891590,0.000020,0.073000,
0,0,3,0,0,0,0,0,1,0,-2,157.928070,0.000030,0.087000,
0,0,3,0,0,0,0,0,1,0,0,153.811550,0.000050,0.065000,
0,0,3,0,0,0,0,0,2,0,-1,14.522580,0.000040,0.070000,
0,0,3,0,1,0,0,0,1,0,0,321.690910,0.000020,0.065000,
0,0,3,2,0,0,0,0,2,0,-1,250.900670,0.000020,0.065000,
0,0,3,3,0,0,0,0,2,0,-3,100.393570,0.000010,0.091000,
0,0,3,3,0,0,0,0,2,0,-1,100.393570,0.000010,0.063000,
0,0,4,-11,0,0,0,0,-2,0,1,50.587880,0.000040,0.076000,
0,0,4,-10,0,0,0,0,-2,0,1,79.100460,0.000050,0.079000,
0,0,4,-10,0,0,0,0,-1,0,0,167.752090,0.000030,0.073000,
0,0,4,-9,0,0,0,0,-2,0,1,287.701700,0.000010,0.083000,
0,0,4,-9,0,0,0,0,-2,0,3,287.701700,0.000010,0.068000,
0,0,4,-9,0,0,0,0,-1,0,0,309.730270,0.000020,0.076000,
0,0,4,-8,0,0,0,0,-1,0,0,339.766840,0.000060,0.079000,
0,0,4,-8,0,0,0,0,-1,0,2,217.757550,0.000020,0.070000,
0,0,4,-8,3,0,0,0,-2,0,-1,1.931480,0.000050,0.026000,
0,0,4,-8,3,0,0,0,-2,0,1,1.957330,0.000270,0.088000,
0,0,4,-8,3,0,0,0,-2,1,-1,2.128960,0.000080,0.040000,
0,0,4,-8,3,0,0,0,-2,1,1,2.075410,0.000070,0.515000,
0,0,4,-8,3,0,0,0,0,-2,-1,181.931530,0.000010,0.025000,
0,0,4,-8,3,0,0,0,0,-2,1,181.931530,0.000010,0.076000,
0,0,4,-8,3,0,0,0,0,-1,-1,1.476850,0.000110,0.037000,
0,0,4,-8,3,0,0,0,0,-1,1,1.287180,0.000090,6.017000,
0,0,4,-8,3,0,0,0,0,0,-1,3.099290,0.000100,0.074000,
0,0,4,-8,3,0,0,0,0,0,1,3.099240,0.000100,0.075000,
0,0,4,-8,3,0,0,0,0,1,-1,1.287180,0.000090,5.977000,
0,0,4,-8,3,0,0,0,0,1,1,1.476850,0.000110,0.037000,
0,0,4,-8,3,0,0,0,0,2,-1,181.932620,0.000010,0.076000,
0,0,4,-8,3,0,0,0,0,2,1,181.932620,0.000010,0.025000,
0,0,4,-8,3,0,0,0,2,-1,-1,2.076750,0.000070,0.515000,
0,0,4,-8,3,0,0,0,2,-1,1,2.130130,0.000080,0.040000,
0,0,4,-8,3,0,0,0,2,0,-1,1.958370,0.000270,0.088000,
0,0,4,-8,3,0,0,0,2,0,1,1.932670,0.000050,0.026000,
0,0,4,-7,0,0,0,0,-1,0,0,13.124350,0.000050,0.083000,
0,0,4,-7,0,0,0,0,-1,0,2,224.046130,0.000020,0.068000,
0,0,4,-7,0,0,0,0,0,0,-1,2.637170,0.000010,0.076000,
0,0,4,-7,0,0,0,0,0,0,1,2.637170,0.000010,0.073000,
0,0,4,-7,0,0,0,0,1,0,-2,232.819480,0.000030,0.070000,
0,0,4,-7,0,0,0,0,1,0,0,232.819480,0.000030,0.079000,
0,0,4,-6,0,0,0,0,-1,0,0,19.250440,0.000050,0.087000,
0,0,4,-6,0,0,0,0,-1,0,2,252.933770,0.000020,0.065000,
0,0,4,-6,0,0,0,0,1,0,0,286.616810,0.000060,0.076000,
0,0,4,-6,0,0,0,0,2,0,-3,27.467640,0.000010,0.068000,
0,0,4,-6,0,0,0,0,2,0,-1,207.593450,0.000050,0.082000,
0,0,4,-5,0,0,0,0,-1,0,0,86.498640,0.000020,0.091000,
0,0,4,-5,0,0,0,0,-1,0,2,86.498640,0.000020,0.063000,
0,0,4,-5,0,0,0,0,1,0,-2,336.176470,0.000010,0.076000,
0,0,4,-5,0,0,0,0,1,0,0,132.452800,0.000050,0.073000,
0,0,4,-5,0,0,0,0,2,0,-3,56.787050,0.000030,0.070000,
0,0,4,-4,0,0,0,0,1,0,-2,92.879110,0.000010,0.079000,
0,0,4,-4,0,0,0,0,1,0,0,204.114690,0.000070,0.070000,
0,0,4,-4,0,0,0,0,2,0,-1,74.841670,0.000030,0.076000,
0,0,4,-3,0,0,0,0,1,0,0,267.504160,0.000020,0.068000,
0,0,4,-3,0,0,0,0,2,0,-3,312.807130,0.000020,0.076000,
0,0,4,-3,0,0,0,0,2,0,-1,111.414080,0.000060,0.073000,
0,0,4,-2,0,0,0,0,1,0,-2,305.580330,0.000020,0.087000,
0,0,4,-2,0,0,0,0,1,0,0,305.580330,0.000020,0.065000,
0,0,4,-1,0,0,0,0,2,0,-1,12.940820,0.000020,0.068000,
0,0,4,0,-1,0,0,0,1,0,0,322.983090,0.000050,0.061000,
0,0,4,0,0,0,0,0,2,0,-3,200.718020,0.000020,0.087000,
0,0,4,0,0,0,0,0,2,0,-1,34.741820,0.000040,0.065000,
0,0,4,1,0,0,0,0,2,0,-1,71.191720,0.000030,0.063000,
0,0,5,-12,0,0,0,0,-2,0,1,50.285060,0.000010,0.079000,
0,0,5,-12,0,0,0,0,-2,0,3,49.966950,0.000030,0.071000,
0,0,5,-11,0,0,0,0,-2,0,1,258.892900,0.000020,0.082000,
0,0,5,-11,0,0,0,0,-1,0,0,282.986940,0.000040,0.076000,
0,0,5,-11,0,0,0,0,-1,0,2,169.523500,0.000020,0.073000,
0,0,5,-9,0,0,0,0,0,0,-1,179.971200,0.000020,0.076000,
0,0,5,-9,0,0,0,0,0,0,1,179.971200,0.000020,0.073000,
0,0,5,-8,0,0,0,0,-1,0,0,28.289320,0.000010,0.086000,
0,0,5,-8,0,0,0,0,-1,0,2,28.289320,0.000010,0.066000,
0,0,5,-8,0,0,0,0,2,0,-1,178.554790,0.000030,0.083000,
0,0,5,-7,0,0,0,0,-1,0,0,57.367480,0.000010,0.090000,
0,0,5,-7,0,0,0,0,-1,0,2,57.367480,0.000010,0.063000,
0,0,5,-7,0,0,0,0,1,0,0,121.890600,0.000050,0.073000,
0,0,5,-7,0,0,0,0,2,0,-3,27.598260,0.000030,0.070000,
0,0,5,-7,0,0,0,0,2,0,-1,207.598260,0.000030,0.079000,
0,0,5,-6,0,0,0,0,1,0,0,257.560630,0.000030,0.071000,
0,0,5,-6,0,0,0,0,2,-2,-1,59.884180,0.000030,0.075000,
0,0,5,-6,0,0,0,0,2,-1,1,247.558240,0.000020,0.037000,
0,0,5,-6,0,0,0,0,2,0,-3,228.811840,0.000010,0.073000,
0,0,5,-6,0,0,0,0,2,0,-1,54.689570,0.000040,0.076000,
0,0,5,-5,0,0,0,0,1,0,0,283.592230,0.000040,0.068000,
0,0,5,-4,0,0,0,0,1,0,0,346.061560,0.000050,0.066000,
0,0,5,-1,0,0,0,0,2,0,-1,41.954820,0.000020,0.063000,
0,0,5,0,-2,0,0,0,1,0,0,142.073900,0.000020,0.058000,
0,0,5,0,0,0,0,0,2,0,-1,101.312610,0.000060,0.061000,
0,0,6,-14,0,0,0,0,-2,0,1,200.963780,0.000030,0.078000,
0,0,6,-13,0,0,0,0,-2,0,1,229.903970,0.000020,0.082000,
0,0,6,-13,0,0,0,0,-1,0,0,311.020790,0.000020,0.075000,
0,0,6,-13,0,0,0,0,-1,0,2,311.020790,0.000020,0.074000,
0,0,6,-10,0,0,0,0,1,0,0,204.898470,0.000080,0.077000,
0,0,6,-9,0,0,0,0,1,0,-2,208.949280,0.000010,0.075000,
0,0,6,-9,0,0,0,0,1,0,0,69.708370,0.000050,0.074000,
0,0,6,-9,0,0,0,0,2,0,-3,178.418790,0.000020,0.070000,
0,0,6,-9,0,0,0,0,2,0,-1,178.418790,0.000020,0.080000,
0,0,6,-8,0,0,0,0,1,0,-2,35.757490,0.000010,0.079000,
0,0,6,-8,0,0,0,0,1,0,0,238.382500,0.000040,0.071000,
0,0,6,-8,0,0,0,0,2,-2,1,31.631860,0.000030,0.075000,
0,0,6,-8,0,0,0,0,2,-1,-1,43.906500,0.000020,5.148000,
0,0,6,-8,0,0,0,0,2,-1,1,43.904770,0.000020,0.038000,
0,0,6,-8,0,0,0,0,2,0,-1,27.844150,0.000020,0.077000,
0,0,6,-7,0,0,0,0,1,0,0,243.185890,0.000050,0.068000,
0,0,6,-7,0,0,0,0,2,0,-3,235.651120,0.000010,0.075000,
0,0,6,-7,0,0,0,0,2,0,-1,235.651120,0.000010,0.074000,
0,0,6,-6,0,0,0,0,1,0,-2,48.257180,0.000020,0.086000,
0,0,6,-6,0,0,0,0,1,0,0,290.956370,0.000050,0.066000,
0,0,6,-6,0,0,0,0,2,0,-1,84.673350,0.000030,0.071000,
0,0,6,-5,0,0,0,0,1,0,-2,280.282980,0.000010,0.090000,
0,0,6,-5,0,0,0,0,1,0,0,354.019030,0.000020,0.064000,
0,0,7,-15,0,0,0,0,-1,0,0,298.964110,0.000020,0.075000,
0,0,7,-13,0,0,0,0,0,0,-1,274.507910,0.000010,0.075000,
0,0,7,-13,0,0,0,0,0,0,1,274.507910,0.000010,0.074000,
0,0,7,-11,0,0,0,0,1,0,-2,154.452820,0.000010,0.075000,
0,0,7,-11,0,0,0,0,1,0,0,38.763080,0.000040,0.074000,
0,0,7,-11,0,0,0,0,2,0,-1,149.398450,0.000020,0.080000,
0,0,7,-10,0,0,0,0,1,0,0,62.929780,0.000020,0.071000,
0,0,7,-9,0,0,0,0,1,0,-2,148.417360,0.000020,0.082000,
0,0,7,-9,0,0,0,0,1,0,0,148.417360,0.000020,0.069000,
0,0,7,-8,0,0,0,0,1,0,-2,273.965300,0.000010,0.085000,
0,0,7,-8,0,0,0,0,1,0,0,273.965300,0.000010,0.066000,
0,0,7,-8,0,0,0,0,2,0,-1,56.285060,0.000050,0.071000,
0,0,7,-7,0,0,0,0,1,0,-2,303.043470,0.000010,0.089000,
0,0,7,-7,0,0,0,0,1,0,0,303.043470,0.000010,0.064000,
0,0,8,-19,0,0,0,0,-2,0,1,286.850880,0.000030,0.075000,
0,0,8,-17,0,0,0,0,-1,0,0,231.259420,0.000030,0.075000,
0,0,8,-15,0,0,0,0,-2,0,1,242.587010,0.000030,0.089000,
0,0,8,-15,0,0,0,0,0,-1,-1,234.900430,0.000010,0.038000,
0,0,8,-15,0,0,0,0,0,-1,1,234.900430,0.000010,5.222000,
0,0,8,-15,0,0,0,0,0,0,-1,52.020350,0.000040,0.075000,
0,0,8,-15,0,0,0,0,0,0,1,52.020350,0.000040,0.074000,
0,0,8,-15,0,0,0,0,0,1,-1,234.900430,0.000010,7.041000,
0,0,8,-15,0,0,0,0,0,1,1,234.900430,0.000010,0.037000,
0,0,8,-15,0,0,0,0,2,0,-1,242.319460,0.000020,0.088000,
0,0,8,-13,0,0,0,0,1,0,0,163.494810,0.000020,0.074000,
0,0,8,-12,0,0,0,0,1,0,0,68.708660,0.000020,0.071000,
0,0,8,-12,0,0,0,0,2,0,-1,149.256720,0.000040,0.077000,
0,0,8,-11,0,0,0,0,2,0,-3,6.366680,0.000010,0.075000,
0,0,8,-11,0,0,0,0,2,0,-1,5.073850,0.000040,0.074000,
0,0,8,-10,0,0,0,0,1,0,-2,59.341920,0.000020,0.085000,
0,0,8,-10,0,0,0,0,1,0,0,59.341920,0.000020,0.066000,
0,0,8,-10,0,0,0,0,2,0,-1,27.313730,0.000060,0.071000,
0,0,8,-9,0,0,0,0,2,0,-1,55.953980,0.000020,0.069000,
0,0,9,-21,0,0,0,0,-2,0,1,264.848590,0.000010,0.074000,
0,0,9,-21,0,0,0,0,-2,0,3,84.848590,0.000010,0.075000,
0,0,9,-15,0,0,0,0,1,0,-2,300.582580,0.000010,0.074000,
0,0,9,-15,0,0,0,0,1,0,0,187.497090,0.000100,0.075000,
0,0,9,-14,0,0,0,0,1,0,-2,152.277380,0.000020,0.077000,
0,0,9,-14,0,0,0,0,1,0,0,332.277380,0.000020,0.072000,
0,0,9,-14,0,0,0,0,2,0,-1,120.270720,0.000020,0.078000,
0,0,9,-13,0,0,0,0,2,0,-1,179.359490,0.000030,0.075000,
0,0,9,-12,0,0,0,0,2,0,-1,358.239250,0.000050,0.072000,
0,0,9,-11,0,0,0,0,2,0,-1,27.145180,0.000030,0.069000,
0,0,10,-17,0,0,0,0,1,0,-2,151.801960,0.000030,0.074000,
0,0,10,-17,0,0,0,0,1,0,0,151.801960,0.000030,0.075000,
0,0,10,-15,0,0,0,0,2,0,-1,300.652750,0.000030,0.075000,
0,0,10,-14,0,0,0,0,2,0,-1,329.152130,0.000040,0.072000,
0,0,10,-13,0,0,0,0,2,0,-1,358.156250,0.000030,0.069000,
0,0,11,-17,0,0,0,0,2,0,-3,270.927020,0.000010,0.074000,
0,0,11,-17,0,0,0,0,2,0,-1,91.029450,0.000050,0.075000,
0,0,11,-16,0,0,0,0,2,0,-3,120.154240,0.000010,0.077000,
0,0,11,-16,0,0,0,0,2,0,-1,300.154240,0.000010,0.072000,
0,0,14,-23,0,0,0,0,2,-2,-1,190.682520,0.000010,0.074000,
0,0,14,-23,0,0,0,0,2,-2,1,190.682520,0.000010,0.075000,
0,0,34,-41,0,0,0,0,-1,-1,0,145.608260,0.000010,0.074000,
0,0,34,-41,0,0,0,0,-1,-1,2,145.608260,0.000010,0.075000,
0,1,-7,0,0,0,0,0,-2,0,1,341.069900,0.000020,0.060000,
0,1,-5,0,0,0,0,0,-2,0,1,339.264290,0.000020,0.068000,
0,1,-5,0,0,0,0,0,-2,0,3,339.264290,0.000020,0.082000,
0,1,-4,0,0,0,0,0,-2,0,1,270.218910,0.000030,0.073000,
0,1,-4,0,0,0,0,0,-2,0,3,90.218910,0.000030,0.076000,
0,1,-4,0,0,0,0,0,-1,0,0,12.480680,0.000060,0.068000,
0,1,-4,0,0,0,0,0,-1,0,2,240.170340,0.000010,0.083000,
0,1,-4,0,0,0,0,0,1,0,-2,6.676870,0.000020,0.059000,
0,1,-4,0,0,0,0,0,1,0,0,6.676870,0.000020,0.100000,
0,1,-3,0,0,0,0,0,-1,0,0,301.362510,0.000080,0.073000,
0,1,-3,0,0,0,0,0,-1,0,2,262.067050,0.000040,0.076000,
0,1,-3,0,0,0,0,0,2,0,-3,109.322190,0.000010,0.059000,
0,1,-3,0,0,0,0,0,2,0,-1,109.322190,0.000010,0.101000,
0,1,-2,0,0,0,0,0,-2,0,1,305.175130,0.000040,0.086000,
0,1,-2,0,0,0,0,0,-1,0,0,83.116220,0.000050,0.078000,
0,1,-2,0,0,0,0,0,-1,1,-2,201.872950,0.000010,0.038000,
0,1,-2,0,0,0,0,0,-1,1,0,357.188130,0.000030,1.951000,
0,1,-2,0,0,0,0,0,-1,2,0,267.667780,0.000030,0.073000,
0,1,-2,0,0,0,0,0,0,0,-1,246.360750,0.000010,0.072000,
0,1,-2,0,0,0,0,0,0,0,1,246.360750,0.000010,0.077000,
0,1,-2,0,0,0,0,0,1,-1,0,0.115540,0.000030,0.793000,
0,1,-2,0,0,0,0,0,1,-1,2,180.115540,0.000030,0.039000,
0,1,-2,0,0,0,0,0,1,0,-2,15.187840,0.000020,0.067000,
0,1,-2,0,0,0,0,0,1,0,0,199.890380,0.000100,0.083000,
0,1,-2,0,0,0,0,0,1,0,2,8.410470,0.000040,0.026000,
0,1,-1,0,0,0,0,0,-2,0,1,252.369410,0.000020,0.094000,
0,1,-1,0,0,0,0,0,-1,0,0,85.399220,0.000020,0.085000,
0,1,-1,0,0,0,0,0,-1,0,2,192.342060,0.000020,0.066000,
0,1,-1,0,0,0,0,0,0,0,-1,37.308050,0.000010,0.078000,
0,1,-1,0,0,0,0,0,0,0,1,37.308050,0.000010,0.071000,
0,1,-1,0,0,0,0,0,1,0,-2,104.827450,0.000020,0.072000,
0,1,-1,0,0,0,0,0,1,0,0,104.827450,0.000020,0.077000,
0,1,0,0,0,0,0,0,-1,0,0,341.829850,0.000070,0.093000,
0,1,0,0,0,0,0,0,0,0,-1,117.926180,0.000070,0.085000,
0,1,0,0,0,0,0,0,0,0,1,117.926180,0.000070,0.066000,
0,1,0,0,0,0,0,0,1,-2,0,158.110770,0.000010,0.080000,
0,1,0,0,0,0,0,0,1,-2,2,158.110770,0.000010,0.070000,
0,1,0,0,0,0,0,0,1,-1,0,338.110770,0.000030,1.354000,
0,1,0,0,0,0,0,0,1,0,-2,89.483210,0.000020,0.078000,
0,1,0,0,0,0,0,0,1,0,0,202.694230,0.000190,0.071000,
0,1,0,0,0,0,0,0,2,0,-3,239.758880,0.000020,0.072000,
0,1,0,0,0,0,0,0,2,0,-1,342.203320,0.000010,0.077000,
0,1,1,0,0,0,0,0,-1,0,0,254.642640,0.000050,0.103000,
0,1,1,0,0,0,0,0,-1,0,2,2.606600,0.000020,0.058000,
0,1,1,0,0,0,0,0,1,0,-2,346.468200,0.000020,0.084000,
0,1,1,0,0,0,0,0,1,0,0,239.525360,0.000020,0.067000,
0,1,1,0,0,0,0,0,2,0,-1,66.428870,0.000020,0.072000,
0,1,2,0,0,0,0,0,1,0,0,158.742540,0.000050,0.063000,
0,1,2,0,0,0,0,0,2,0,-1,309.008280,0.000040,0.067000,
0,1,3,0,0,0,0,0,2,0,-1,20.621690,0.000020,0.063000,
0,2,-8,0,0,0,0,0,-2,0,1,341.119800,0.000010,0.062000,
0,2,-8,0,0,0,0,0,-2,0,3,161.119800,0.000010,0.093000,
0,2,-7,0,0,0,0,0,-2,0,1,256.447480,0.000040,0.066000,
0,2,-6,0,0,0,0,0,-2,0,1,302.867110,0.000050,0.071000,
0,2,-5,0,0,0,0,0,-2,0,1,112.423600,0.000020,0.077000,
0,2,-5,0,0,0,0,0,-2,0,3,112.423600,0.000020,0.073000,
0,2,-5,0,0,0,0,0,-2,2,-1,167.175980,0.000030,0.075000,
0,2,-5,0,0,0,0,0,-2,2,1,302.789750,0.000020,0.074000,
0,2,-5,0,0,0,0,0,-1,0,0,47.367140,0.000070,0.071000,
0,2,-5,0,0,0,0,0,1,0,-2,165.227310,0.000020,0.062000,
0,2,-5,0,0,0,0,0,1,0,0,19.066820,0.000030,0.094000,
0,2,-4,0,0,0,0,0,-1,0,0,136.782600,0.000070,0.076000,
0,2,-4,0,0,0,0,0,-1,0,2,87.328840,0.000010,0.073000,
0,2,-4,0,0,0,0,0,-1,2,-2,186.113990,0.000010,0.074000,
0,2,-4,0,0,0,0,0,-1,2,0,100.402380,0.000030,0.075000,
0,2,-4,0,0,0,0,0,0,0,-1,285.471560,0.000030,0.071000,
0,2,-4,0,0,0,0,0,0,0,1,285.471560,0.000030,0.079000,
0,2,-4,0,0,0,0,0,2,0,-3,289.372090,0.000010,0.061000,
0,2,-4,0,0,0,0,0,2,0,-1,109.372090,0.000010,0.095000,
0,2,-3,0,0,0,0,0,-2,0,-1,23.269650,0.000020,0.026000,
0,2,-3,0,0,0,0,0,-2,0,1,34.586560,0.000140,0.090000,
0,2,-3,0,0,0,0,0,-2,1,-1,12.785010,0.000020,0.041000,
0,2,-3,0,0,0,0,0,-2,1,1,12.785130,0.000020,0.456000,
0,2,-3,0,0,0,0,0,-1,0,0,106.788940,0.000060,0.083000,
0,2,-3,0,0,0,0,0,0,-1,-1,17.569950,0.000030,0.038000,
0,2,-3,0,0,0,0,0,0,-1,1,17.783220,0.000020,2.394000,
0,2,-3,0,0,0,0,0,0,0,-1,48.828380,0.000090,0.076000,
0,2,-3,0,0,0,0,0,0,0,1,48.828380,0.000090,0.073000,
0,2,-3,0,0,0,0,0,0,1,-1,17.783220,0.000020,11.864000,
0,2,-3,0,0,0,0,0,0,1,1,17.569950,0.000030,0.037000,
0,2,-3,0,0,0,0,0,1,-2,0,0.015450,0.000050,0.072000,
0,2,-3,0,0,0,0,0,1,-1,0,0.115350,0.000050,1.572000,
0,2,-3,0,0,0,0,0,1,0,-2,334.108700,0.000010,0.070000,
0,2,-3,0,0,0,0,0,1,0,0,194.300340,0.000140,0.079000,
0,2,-3,0,0,0,0,0,2,0,-3,195.143970,0.000010,0.065000,
0,2,-3,0,0,0,0,0,2,0,-1,17.754990,0.000040,0.086000,
0,2,-2,0,0,0,0,0,-1,0,0,355.869250,0.000030,0.090000,
0,2,-2,0,0,0,0,0,1,0,0,311.604040,0.000210,0.073000,
0,2,-2,0,0,0,0,0,2,0,-1,284.370920,0.000070,0.080000,
0,2,-1,0,0,0,0,0,-2,0,-1,161.537760,0.000010,0.028000,
0,2,-1,0,0,0,0,0,-2,0,1,161.713340,0.000020,0.110000,
0,2,-1,0,0,0,0,0,-2,0,3,340.079070,0.000030,0.056000,
0,2,-1,0,0,0,0,0,-1,0,-2,106.376160,0.000010,0.027000,
0,2,-1,0,0,0,0,0,-1,0,0,322.463160,0.000040,0.099000,
0,2,-1,0,0,0,0,0,-1,1,0,179.885110,0.000060,0.319000,
0,2,-1,0,0,0,0,0,1,0,-2,152.989530,0.000010,0.082000,
0,2,-1,0,0,0,0,0,1,0,0,220.279560,0.000090,0.068000,
0,2,-1,0,0,0,0,0,1,0,2,59.209580,0.000010,0.024000,
0,2,-1,0,0,0,0,0,2,0,-1,165.312400,0.000050,0.074000,
0,2,0,0,0,0,0,0,1,0,-2,114.552520,0.000010,0.089000,
0,2,0,0,0,0,0,0,1,0,0,239.287580,0.000040,0.064000,
0,2,1,0,0,0,0,0,1,0,0,321.510640,0.000040,0.060000,
0,2,1,0,0,0,0,0,2,0,-3,8.447020,0.000030,0.089000,
0,2,1,0,0,0,0,0,2,0,-1,8.447020,0.000030,0.064000,
0,2,2,0,0,0,0,0,2,0,-1,20.618590,0.000020,0.060000,
0,2,3,0,0,0,0,0,2,0,-3,288.015330,0.000040,0.108000,
0,2,3,0,0,0,0,0,2,0,-1,108.015330,0.000040,0.057000,
0,3,-7,0,0,0,0,0,-1,0,0,286.958990,0.000010,0.069000,
0,3,-7,0,0,0,0,0,-1,0,2,286.958990,0.000010,0.081000,
0,3,-6,0,0,0,0,0,-2,0,1,359.882500,0.000030,0.080000,
0,3,-6,0,0,0,0,0,-1,-1,0,56.983310,0.000020,0.037000,
0,3,-6,0,0,0,0,0,-1,0,0,56.920220,0.000410,0.074000,
0,3,-6,0,0,0,0,0,-1,0,2,2.215510,0.000010,0.075000,
0,3,-6,0,0,0,0,0,-1,1,0,236.988860,0.000020,4.230000,
0,3,-6,0,0,0,0,0,1,0,0,50.463890,0.000020,0.089000,
0,3,-5,0,0,0,0,0,-2,0,1,202.222870,0.000020,0.087000,
0,3,-5,0,0,0,0,0,0,0,-1,153.846840,0.000040,0.074000,
0,3,-5,0,0,0,0,0,0,0,1,153.846840,0.000040,0.075000,
0,3,-5,0,0,0,0,0,2,0,-1,198.159910,0.000020,0.089000,
0,3,-4,0,0,0,0,0,-2,0,-1,28.061340,0.000020,0.027000,
0,3,-4,0,0,0,0,0,-2,0,1,21.983940,0.000080,0.096000,
0,3,-4,0,0,0,0,0,-1,0,-2,303.808880,0.000010,0.026000,
0,3,-4,0,0,0,0,0,-1,0,0,91.290830,0.000060,0.087000,
0,3,-4,0,0,0,0,0,0,-1,-1,8.451050,0.000010,0.039000,
0,3,-4,0,0,0,0,0,0,-1,1,8.451050,0.000010,0.958000,
0,3,-4,0,0,0,0,0,0,0,-1,359.124530,0.000020,0.080000,
0,3,-4,0,0,0,0,0,0,0,1,359.124530,0.000020,0.070000,
0,3,-4,0,0,0,0,0,0,1,-1,8.451050,0.000010,1.409000,
0,3,-4,0,0,0,0,0,0,1,1,8.451050,0.000010,0.036000,
0,3,-4,0,0,0,0,0,1,-2,0,301.815710,0.000050,0.075000,
0,3,-4,0,0,0,0,0,1,-1,-1,14.202980,0.000030,0.074000,
0,3,-4,0,0,0,0,0,1,-1,0,0.114050,0.000040,95.796000,
0,3,-4,0,0,0,0,0,1,-1,1,14.202980,0.000030,0.075000,
0,3,-4,0,0,0,0,0,1,0,0,182.496820,0.000250,0.075000,
0,3,-4,0,0,0,0,0,2,0,-1,16.342680,0.000020,0.082000,
0,3,-3,0,0,0,0,0,-1,0,0,51.126270,0.000030,0.095000,
0,3,-3,0,0,0,0,0,1,0,0,246.727150,0.000030,0.070000,
0,3,-3,0,0,0,0,0,2,0,-1,358.058630,0.000040,0.076000,
0,3,-2,0,0,0,0,0,-2,0,-1,161.537570,0.000010,0.028000,
0,3,-2,0,0,0,0,0,-2,0,1,161.537570,0.000010,0.119000,
0,3,-2,0,0,0,0,0,-1,0,-2,92.858200,0.000020,0.028000,
0,3,-2,0,0,0,0,0,-1,0,0,215.640940,0.000060,0.105000,
0,3,-2,0,0,0,0,0,0,0,-1,171.667530,0.000040,0.095000,
0,3,-2,0,0,0,0,0,0,0,1,171.667530,0.000040,0.061000,
0,3,-2,0,0,0,0,0,1,0,-2,171.602200,0.000020,0.086000,
0,3,-2,0,0,0,0,0,1,0,0,227.623270,0.000100,0.066000,
0,3,-2,0,0,0,0,0,2,0,-1,125.370210,0.000030,0.070000,
0,3,-2,0,0,0,0,0,3,-2,0,318.898230,0.000030,0.074000,
0,3,-1,0,0,0,0,0,-1,0,0,245.628910,0.000070,0.118000,
0,3,0,0,0,0,0,0,2,0,-3,147.183310,0.000020,0.094000,
0,3,0,0,0,0,0,0,2,0,-1,325.574990,0.000040,0.062000,
0,4,-10,0,0,0,0,0,-2,0,1,161.547580,0.000060,0.068000,
0,4,-9,0,0,0,0,0,-2,0,1,59.562730,0.000020,0.072000,
0,4,-8,0,0,0,0,0,-2,0,1,147.444790,0.000050,0.078000,
0,4,-8,0,0,0,0,0,-1,0,0,109.151680,0.000050,0.072000,
0,4,-8,0,0,0,0,0,-1,0,2,100.224920,0.000010,0.077000,
0,4,-7,0,0,0,0,0,-2,0,1,339.040760,0.000050,0.085000,
0,4,-7,0,0,0,0,0,-1,0,0,237.030120,0.000070,0.078000,
0,4,-7,0,0,0,0,0,1,0,0,129.547140,0.000030,0.084000,
0,4,-6,0,0,0,0,0,-1,0,0,90.923950,0.000010,0.084000,
0,4,-6,0,0,0,0,0,-1,0,2,90.923950,0.000010,0.067000,
0,4,-6,0,0,0,0,0,0,0,-1,286.770160,0.000050,0.077000,
0,4,-6,0,0,0,0,0,0,0,1,286.770160,0.000050,0.072000,
0,4,-6,0,0,0,0,0,2,0,-1,108.726760,0.000050,0.085000,
0,4,-5,0,0,0,0,0,-1,0,0,75.669120,0.000060,0.092000,
0,4,-5,0,0,0,0,0,0,0,-1,207.768380,0.000030,0.084000,
0,4,-5,0,0,0,0,0,0,0,1,207.768380,0.000030,0.067000,
0,4,-5,0,0,0,0,0,1,0,-2,290.151390,0.000040,0.077000,
0,4,-5,0,0,0,0,0,1,0,0,352.672760,0.000370,0.072000,
0,4,-4,0,0,0,0,0,-1,0,0,316.243110,0.000020,0.101000,
0,4,-4,0,0,0,0,0,1,0,0,245.050090,0.000020,0.067000,
0,4,-4,0,0,0,0,0,2,0,-3,263.378160,0.000020,0.077000,
0,4,-4,0,0,0,0,0,2,0,-1,76.696430,0.000060,0.072000,
0,4,-3,0,0,0,0,0,-1,0,-2,97.293340,0.000020,0.028000,
0,4,-3,0,0,0,0,0,-1,0,0,253.443980,0.000040,0.113000,
0,4,-3,0,0,0,0,0,0,0,-1,356.316100,0.000010,0.101000,
0,4,-3,0,0,0,0,0,0,0,1,356.316100,0.000010,0.059000,
0,4,-3,0,0,0,0,0,1,0,0,201.212720,0.000110,0.063000,
0,4,-3,0,0,0,0,0,1,0,2,345.416040,0.000020,0.023000,
0,4,-3,0,0,0,0,0,2,0,-1,94.176290,0.000030,0.067000,
0,4,-2,0,0,0,0,0,-1,0,0,246.379850,0.000060,0.127000,
0,4,-2,0,0,0,0,0,1,0,0,262.162430,0.000030,0.059000,
0,4,-1,0,0,0,0,0,2,0,-1,333.553740,0.000040,0.059000,
0,5,-10,0,0,0,0,0,-2,0,1,241.310530,0.000030,0.076000,
0,5,-10,0,0,0,0,0,-1,0,0,101.718770,0.000010,0.070000,
0,5,-10,0,0,0,0,0,-1,0,2,281.718770,0.000010,0.079000,
0,5,-9,0,0,0,0,0,-2,0,1,338.005970,0.000020,0.082000,
0,5,-9,0,0,0,0,0,-1,0,0,296.122770,0.000060,0.076000,
0,5,-9,0,0,0,0,0,-1,0,2,158.085520,0.000020,0.074000,
0,5,-8,0,0,0,0,0,-2,0,1,36.896730,0.000040,0.089000,
0,5,-8,0,0,0,0,0,-2,0,3,212.809340,0.000010,0.064000,
0,5,-8,0,0,0,0,0,-1,0,0,224.536050,0.000080,0.082000,
0,5,-8,0,0,0,0,0,-1,0,2,11.611860,0.000030,0.068000,
0,5,-8,0,0,0,0,0,0,0,-1,338.212170,0.000030,0.075000,
0,5,-8,0,0,0,0,0,0,0,1,338.212170,0.000030,0.074000,
0,5,-8,0,0,0,0,0,1,0,0,28.555290,0.000070,0.080000,
0,5,-7,0,0,0,0,0,-1,0,0,180.516030,0.000030,0.089000,
0,5,-7,0,0,0,0,0,1,0,0,46.707810,0.000110,0.074000,
0,5,-6,0,0,0,0,0,-1,0,0,138.552080,0.000060,0.098000,
0,5,-6,0,0,0,0,0,-1,0,2,359.942410,0.000020,0.060000,
0,5,-6,0,0,0,0,0,0,0,-1,194.192810,0.000060,0.089000,
0,5,-6,0,0,0,0,0,0,0,1,193.554470,0.000040,0.064000,
0,5,-6,0,0,0,0,0,1,0,-2,155.056810,0.000020,0.081000,
0,5,-6,0,0,0,0,0,1,0,0,350.545650,0.000120,0.069000,
0,5,-6,0,0,0,0,0,2,-2,-1,198.448040,0.000010,0.077000,
0,5,-6,0,0,0,0,0,2,-2,1,18.448040,0.000010,0.073000,
0,5,-6,0,0,0,0,0,2,-1,-1,195.580510,0.000030,5.352000,
0,5,-6,0,0,0,0,0,2,0,-3,341.335440,0.000020,0.075000,
0,5,-6,0,0,0,0,0,2,0,-1,15.603530,0.000570,0.074000,
0,5,-6,0,0,0,0,0,2,1,-1,15.576590,0.000030,0.037000,
0,5,-5,0,0,0,0,0,-1,0,0,296.785250,0.000020,0.108000,
0,5,-5,0,0,0,0,0,1,0,0,348.395630,0.000060,0.065000,
0,5,-5,0,0,0,0,0,2,0,-1,106.258250,0.000030,0.069000,
0,5,-4,0,0,0,0,0,0,0,-1,356.851700,0.000010,0.108000,
0,5,-4,0,0,0,0,0,0,0,1,356.851700,0.000010,0.057000,
0,5,-4,0,0,0,0,0,1,-1,0,176.011780,0.000010,0.309000,
0,5,-4,0,0,0,0,0,1,-1,2,356.011780,0.000010,0.033000,
0,5,-4,0,0,0,0,0,1,0,0,178.067910,0.000060,0.061000,
0,5,-4,0,0,0,0,0,2,0,-1,358.807090,0.000020,0.065000,
0,5,-3,0,0,0,0,0,-1,0,0,247.294100,0.000050,0.138000,
0,5,-3,0,0,0,0,0,1,0,0,261.057720,0.000040,0.057000,
0,5,-2,0,0,0,0,0,2,0,-3,338.488250,0.000020,0.106000,
0,5,-2,0,0,0,0,0,2,0,-1,338.488250,0.000020,0.057000,
0,6,-12,0,0,0,0,0,-2,0,1,292.105140,0.000010,0.074000,
0,6,-12,0,0,0,0,0,-2,0,3,195.252080,0.000020,0.075000,
0,6,-11,0,0,0,0,0,-2,0,1,76.410080,0.000020,0.080000,
0,6,-11,0,0,0,0,0,-2,0,3,256.410080,0.000020,0.070000,
0,6,-9,0,0,0,0,0,-1,0,0,210.041330,0.000050,0.086000,
0,6,-9,0,0,0,0,0,-1,0,2,200.694400,0.000010,0.066000,
0,6,-9,0,0,0,0,0,1,0,0,350.985310,0.000020,0.076000,
0,6,-8,0,0,0,0,0,-1,0,0,126.345870,0.000050,0.094000,
0,6,-8,0,0,0,0,0,2,-1,-1,14.810530,0.000020,5.330000,
0,6,-8,0,0,0,0,0,2,-1,1,14.815940,0.000020,0.038000,
0,6,-7,0,0,0,0,0,-1,0,-2,192.834510,0.000020,0.027000,
0,6,-7,0,0,0,0,0,-1,0,0,74.475430,0.000030,0.104000,
0,6,-7,0,0,0,0,0,0,0,-1,38.852570,0.000020,0.094000,
0,6,-7,0,0,0,0,0,0,0,1,38.852570,0.000020,0.062000,
0,6,-7,0,0,0,0,0,1,0,0,335.647390,0.000010,0.066000,
0,6,-7,0,0,0,0,0,1,0,2,299.921800,0.000010,0.024000,
0,6,-6,0,0,0,0,0,-1,0,0,276.390640,0.000030,0.116000,
0,6,-6,0,0,0,0,0,1,0,0,350.375760,0.000060,0.062000,
0,6,-5,0,0,0,0,0,-2,0,1,162.759960,0.000030,0.152000,
0,6,-5,0,0,0,0,0,-2,0,3,342.759960,0.000030,0.049000,
0,6,-5,0,0,0,0,0,-1,0,-2,275.972010,0.000020,0.029000,
0,6,-5,0,0,0,0,0,-1,0,0,275.972010,0.000020,0.131000,
0,6,-5,0,0,0,0,0,0,0,-1,299.368150,0.000010,0.115000,
0,6,-5,0,0,0,0,0,0,0,1,299.368150,0.000010,0.055000,
0,6,-5,0,0,0,0,0,1,-1,0,176.007310,0.000020,0.259000,
0,6,-5,0,0,0,0,0,1,0,0,124.725930,0.000030,0.058000,
0,6,-5,0,0,0,0,0,2,0,-1,341.041690,0.000020,0.062000,
0,6,-4,0,0,0,0,0,1,0,0,228.464480,0.000070,0.055000,
0,7,-14,0,0,0,0,0,-2,0,1,60.711770,0.000030,0.072000,
0,7,-9,0,0,0,0,0,-1,0,0,129.666500,0.000060,0.100000,
0,7,-9,0,0,0,0,0,2,0,-3,86.904340,0.000010,0.076000,
0,7,-9,0,0,0,0,0,2,0,-1,86.904340,0.000010,0.073000,
0,7,-8,0,0,0,0,0,-1,0,0,51.990430,0.000040,0.111000,
0,7,-8,0,0,0,0,0,1,0,-2,215.065070,0.000020,0.090000,
0,7,-8,0,0,0,0,0,1,0,0,69.243250,0.000030,0.064000,
0,7,-7,0,0,0,0,0,-1,0,0,305.259400,0.000050,0.125000,
0,7,-7,0,0,0,0,0,-1,0,2,108.214810,0.000030,0.053000,
0,7,-7,0,0,0,0,0,1,0,0,286.902150,0.000050,0.060000,
0,7,-6,0,0,0,0,0,-2,0,1,162.787350,0.000020,0.168000,
0,7,-6,0,0,0,0,0,-2,0,3,162.787350,0.000020,0.048000,
0,7,-6,0,0,0,0,0,1,0,0,133.486090,0.000030,0.056000,
0,7,-5,0,0,0,0,0,1,0,0,238.670230,0.000030,0.053000,
0,7,-2,0,0,0,0,0,2,0,-3,108.007040,0.000020,0.163000,
0,7,-2,0,0,0,0,0,2,0,-1,108.007040,0.000020,0.048000,
0,8,-15,0,0,0,0,0,-2,0,1,43.426820,0.000020,0.075000,
0,8,-15,0,0,0,0,0,-2,0,3,223.666900,0.000010,0.074000,
0,8,-14,0,0,0,0,0,-2,0,1,341.642350,0.000050,0.081000,
0,8,-13,0,0,0,0,0,-2,0,-1,94.874580,0.000010,0.026000,
0,8,-13,0,0,0,0,0,-2,0,1,93.184760,0.000070,0.088000,
0,8,-13,0,0,0,0,0,0,-1,-1,87.103370,0.000030,0.037000,
0,8,-13,0,0,0,0,0,0,-1,1,81.685830,0.000020,5.850000,
0,8,-13,0,0,0,0,0,0,0,-1,82.048020,0.000030,0.075000,
0,8,-13,0,0,0,0,0,0,0,1,82.048020,0.000030,0.074000,
0,8,-13,0,0,0,0,0,0,1,-1,81.685830,0.000020,6.151000,
0,8,-13,0,0,0,0,0,0,1,1,87.103370,0.000030,0.037000,
0,8,-13,0,0,0,0,0,2,0,-1,92.752240,0.000070,0.088000,
0,8,-13,0,0,0,0,0,2,0,1,92.752240,0.000020,0.026000,
0,8,-12,0,0,0,0,0,1,0,0,26.067390,0.000130,0.075000,
0,8,-11,0,0,0,0,0,-1,0,0,220.335900,0.000020,0.096000,
0,8,-11,0,0,0,0,0,1,0,0,306.519200,0.000030,0.070000,
0,8,-11,0,0,0,0,0,2,0,-3,8.674880,0.000010,0.074000,
0,8,-11,0,0,0,0,0,2,0,-1,8.674880,0.000010,0.075000,
0,8,-10,0,0,0,0,0,-1,0,0,166.897190,0.000040,0.107000,
0,8,-10,0,0,0,0,0,1,0,0,91.951590,0.000060,0.065000,
0,8,-10,0,0,0,0,0,2,0,-3,109.487330,0.000030,0.080000,
0,8,-10,0,0,0,0,0,2,0,-1,289.487330,0.000030,0.070000,
0,8,-9,0,0,0,0,0,-1,0,-2,93.769170,0.000010,0.028000,
0,8,-9,0,0,0,0,0,-1,0,0,37.961730,0.000030,0.120000,
0,8,-9,0,0,0,0,0,1,0,0,82.874290,0.000010,0.061000,
0,8,-9,0,0,0,0,0,1,0,2,0.081830,0.000030,0.023000,
0,8,-8,0,0,0,0,0,-1,0,0,313.532170,0.000040,0.136000,
0,8,-8,0,0,0,0,0,-1,0,2,276.004050,0.000020,0.051000,
0,8,-7,0,0,0,0,0,1,0,0,123.780890,0.000040,0.054000,
0,8,-6,0,0,0,0,0,1,0,0,227.807860,0.000020,0.052000,
0,9,-15,0,0,0,0,0,-2,0,1,161.511390,0.000030,0.086000,
0,9,-14,0,0,0,0,0,-2,0,1,250.181310,0.000070,0.094000,
0,9,-14,0,0,0,0,0,0,0,-1,70.150190,0.000010,0.078000,
0,9,-14,0,0,0,0,0,0,0,1,70.150190,0.000010,0.071000,
0,9,-12,0,0,0,0,0,1,0,-2,352.411070,0.000020,0.084000,
0,9,-12,0,0,0,0,0,1,0,0,238.994710,0.000020,0.067000,
0,9,-12,0,0,0,0,0,2,0,-1,10.390830,0.000020,0.072000,
0,9,-11,0,0,0,0,0,-1,0,0,130.822050,0.000050,0.114000,
0,9,-11,0,0,0,0,0,-1,0,2,245.594690,0.000010,0.055000,
0,9,-11,0,0,0,0,0,1,0,-2,349.218500,0.000020,0.092000,
0,9,-11,0,0,0,0,0,1,0,0,169.218500,0.000020,0.063000,
0,9,-11,0,0,0,0,0,2,0,-3,109.763670,0.000020,0.084000,
0,9,-11,0,0,0,0,0,2,0,-1,289.763670,0.000020,0.067000,
0,9,-10,0,0,0,0,0,-1,0,0,70.582590,0.000050,0.129000,
0,9,-10,0,0,0,0,0,1,0,0,180.069410,0.000050,0.059000,
0,9,-10,0,0,0,0,0,2,0,-3,18.362410,0.000030,0.092000,
0,9,-10,0,0,0,0,0,2,0,-1,198.362410,0.000030,0.063000,
0,9,-9,0,0,0,0,0,1,0,-2,207.581760,0.000010,0.113000,
0,9,-9,0,0,0,0,0,1,0,0,82.241670,0.000060,0.056000,
0,9,-8,0,0,0,0,0,-1,0,0,330.282610,0.000040,0.174000,
0,9,-8,0,0,0,0,0,0,0,-1,336.719180,0.000020,0.147000,
0,9,-8,0,0,0,0,0,0,0,1,336.719180,0.000020,0.050000,
0,9,-8,0,0,0,0,0,1,0,-2,70.975150,0.000020,0.127000,
0,9,-8,0,0,0,0,0,1,0,0,143.753450,0.000020,0.053000,
0,10,-15,0,0,0,0,0,-2,0,1,250.148210,0.000020,0.099000,
0,10,-15,0,0,0,0,0,-2,0,3,250.148210,0.000020,0.060000,
0,10,-13,0,0,0,0,0,-1,0,0,193.811350,0.000010,0.110000,
0,10,-13,0,0,0,0,0,-1,0,2,193.811350,0.000010,0.056000,
0,10,-13,0,0,0,0,0,1,0,0,172.043280,0.000040,0.064000,
0,10,-12,0,0,0,0,0,-1,0,0,118.035760,0.000030,0.123000,
0,10,-12,0,0,0,0,0,1,0,0,212.471240,0.000040,0.060000,
0,10,-11,0,0,0,0,0,-1,0,0,96.880890,0.000030,0.141000,
0,10,-11,0,0,0,0,0,1,0,0,196.510120,0.000020,0.057000,
0,10,-11,0,0,0,0,0,2,0,-1,198.367140,0.000040,0.060000,
0,10,-10,0,0,0,0,0,1,0,0,52.352020,0.000030,0.054000,
0,10,-9,0,0,0,0,0,-2,0,1,161.491640,0.000010,0.246000,
0,10,-9,0,0,0,0,0,-2,0,3,161.491640,0.000010,0.044000,
0,10,-9,0,0,0,0,0,-1,0,-2,329.648580,0.000020,0.031000,
0,10,-9,0,0,0,0,0,-1,0,0,329.648580,0.000020,0.196000,
0,10,-9,0,0,0,0,0,1,0,0,224.102790,0.000020,0.051000,
0,10,-9,0,0,0,0,0,1,0,2,111.033750,0.000020,0.022000,
0,10,-5,0,0,0,0,0,2,0,-1,289.743920,0.000020,0.044000,
0,10,-3,0,0,0,0,0,-2,-1,-1,60.662720,0.000010,0.026000,
0,10,-3,0,0,0,0,0,-2,-1,1,60.662720,0.000020,0.088000,
0,10,-3,0,0,0,0,0,-2,0,-1,60.662720,0.000010,0.040000,
0,10,-3,0,0,0,0,0,0,-2,-1,60.662720,0.000070,0.037000,
0,10,-3,0,0,0,0,0,0,-1,-1,60.191250,0.000640,0.075000,
0,10,-3,0,0,0,0,0,0,-1,1,60.191250,0.000640,0.075000,
0,10,-3,0,0,0,0,0,0,0,1,60.662720,0.000070,0.037000,
0,10,-3,0,0,0,0,0,2,-2,1,60.662720,0.000010,0.040000,
0,10,-3,0,0,0,0,0,2,-1,-1,60.662720,0.000020,0.088000,
0,10,-3,0,0,0,0,0,2,-1,1,60.662720,0.000010,0.026000,
0,11,-16,0,0,0,0,0,-2,0,1,70.115000,0.000030,0.106000,
0,11,-13,0,0,0,0,0,1,0,0,212.073670,0.000030,0.058000,
0,11,-12,0,0,0,0,0,-1,0,0,104.390210,0.000030,0.154000,
0,11,-12,0,0,0,0,0,-1,1,-2,21.829270,0.000010,0.050000,
0,11,-12,0,0,0,0,0,-1,1,0,201.829270,0.000010,0.148000,
0,11,-12,0,0,0,0,0,2,0,-1,198.367280,0.000030,0.058000,
0,11,-11,0,0,0,0,0,1,0,0,51.884580,0.000040,0.052000,
0,11,-10,0,0,0,0,0,-1,0,0,274.278470,0.000020,0.223000,
0,11,-10,0,0,0,0,0,-1,0,2,94.278470,0.000020,0.045000,
0,11,-10,0,0,0,0,0,-1,1,-2,201.255250,0.000020,0.055000,
0,11,-10,0,0,0,0,0,-1,1,0,21.255250,0.000020,0.114000,
0,11,-10,0,0,0,0,0,1,0,-2,251.064870,0.000010,0.152000,
0,11,-10,0,0,0,0,0,1,0,0,251.064870,0.000010,0.049000,
0,12,-13,0,0,0,0,0,-1,0,0,108.260530,0.000020,0.171000,
0,12,-13,0,0,0,0,0,-1,0,2,108.260530,0.000020,0.048000,
0,12,-13,0,0,0,0,0,-1,1,0,201.812700,0.000030,0.135000,
0,12,-13,0,0,0,0,0,1,0,0,124.365070,0.000040,0.053000,
0,12,-13,0,0,0,0,0,2,0,-1,198.346620,0.000020,0.056000,
0,12,-12,0,0,0,0,0,-1,0,0,292.601960,0.000020,0.206000,
0,12,-12,0,0,0,0,0,-1,0,2,292.601960,0.000020,0.045000,
0,12,-12,0,0,0,0,0,1,0,0,24.027600,0.000040,0.050000,
0,12,-11,0,0,0,0,0,-1,1,-2,201.240760,0.000020,0.057000,
0,12,-11,0,0,0,0,0,-1,1,0,21.240760,0.000020,0.106000,
0,12,-11,0,0,0,0,0,1,0,0,318.849430,0.000030,0.048000,
0,12,-8,0,0,0,0,0,-2,1,-1,321.115230,0.000050,0.075000,
0,12,-8,0,0,0,0,0,-2,1,1,321.115230,0.000050,0.074000,
0,13,-15,0,0,0,0,0,1,0,0,91.525260,0.000050,0.054000,
0,13,-14,0,0,0,0,0,-1,0,0,49.712150,0.000040,0.191000,
0,13,-14,0,0,0,0,0,-1,1,0,201.794080,0.000020,0.125000,
0,13,-14,0,0,0,0,0,1,0,0,117.965180,0.000040,0.051000,
0,13,-12,0,0,0,0,0,-1,0,0,328.077850,0.000040,0.309000,
0,13,-12,0,0,0,0,0,-1,1,-2,201.224200,0.000020,0.059000,
0,13,-12,0,0,0,0,0,-1,1,0,21.224200,0.000020,0.100000,
0,13,-12,0,0,0,0,0,1,0,0,347.824270,0.000050,0.047000,
0,14,-16,0,0,0,0,0,1,0,-2,91.553330,0.000020,0.130000,
0,14,-16,0,0,0,0,0,1,0,0,91.553330,0.000020,0.052000,
0,14,-15,0,0,0,0,0,-1,0,0,72.752180,0.000020,0.217000,
0,14,-15,0,0,0,0,0,-1,0,2,87.705920,0.000010,0.045000,
0,14,-15,0,0,0,0,0,-1,1,0,201.773420,0.000020,0.116000,
0,14,-15,0,0,0,0,0,1,0,-2,117.813890,0.000010,0.149000,
0,14,-15,0,0,0,0,0,1,0,0,117.813890,0.000010,0.050000,
0,14,-13,0,0,0,0,0,-1,0,-2,21.205570,0.000020,0.034000,
0,14,-13,0,0,0,0,0,-1,0,0,201.205570,0.000020,0.383000,
0,14,-13,0,0,0,0,0,-1,1,-2,201.205570,0.000020,0.062000,
0,14,-13,0,0,0,0,0,-1,1,0,21.205570,0.000020,0.094000,
0,14,-13,0,0,0,0,0,1,0,-2,112.946700,0.000010,0.212000,
0,14,-13,0,0,0,0,0,1,0,0,323.542920,0.000030,0.045000,
0,15,-17,0,0,0,0,0,-1,0,0,113.327680,0.000020,0.201000,
0,15,-16,0,0,0,0,0,-1,0,-2,201.750750,0.000010,0.032000,
0,15,-16,0,0,0,0,0,-1,0,0,21.750750,0.000010,0.251000,
0,15,-16,0,0,0,0,0,-1,1,0,201.750750,0.000020,0.108000,
0,15,-15,0,0,0,0,0,1,0,0,267.453820,0.000020,0.046000,
0,15,-14,0,0,0,0,0,-1,0,0,201.184910,0.000040,0.504000,
0,15,-14,0,0,0,0,0,-1,1,-2,201.184910,0.000020,0.064000,
0,15,-14,0,0,0,0,0,-1,1,0,21.184910,0.000020,0.089000,
0,15,-14,0,0,0,0,0,1,0,0,289.818960,0.000040,0.044000,
0,15,-13,0,0,0,0,0,-2,1,-1,108.328360,0.000020,0.074000,
0,15,-13,0,0,0,0,0,-2,1,1,108.328360,0.000020,0.075000,
0,16,-17,0,0,0,0,0,-1,0,0,21.726110,0.000030,0.298000,
0,16,-17,0,0,0,0,0,1,0,0,359.925200,0.000050,0.047000,
0,16,-15,0,0,0,0,0,-2,-1,1,342.831880,0.000020,0.074000,
0,16,-15,0,0,0,0,0,-2,-1,3,162.831880,0.000020,0.075000,
0,16,-15,0,0,0,0,0,-1,0,0,201.162250,0.000040,0.735000,
0,16,-15,0,0,0,0,0,1,0,-2,289.638050,0.000020,0.288000,
0,16,-15,0,0,0,0,0,1,0,0,289.638050,0.000020,0.043000,
0,17,-18,0,0,0,0,0,-1,0,0,21.699540,0.000020,0.366000,
0,17,-18,0,0,0,0,0,1,0,-2,359.896730,0.000020,0.207000,
0,17,-18,0,0,0,0,0,1,0,0,359.896730,0.000020,0.045000,
0,17,-16,0,0,0,0,0,-1,-1,0,201.137610,0.000020,0.071000,
0,17,-16,0,0,0,0,0,-1,-1,2,201.137610,0.000020,0.078000,
0,17,-16,0,0,0,0,0,-1,1,-2,146.519810,0.000020,0.070000,
0,17,-16,0,0,0,0,0,-1,1,0,146.519810,0.000020,0.080000,
0,18,-19,0,0,0,0,0,-1,0,0,21.671070,0.000020,0.474000,
0,18,-17,0,0,0,0,0,1,0,0,175.797210,0.000020,0.041000,
0,18,-17,0,0,0,0,0,2,-2,1,217.502430,0.000010,0.042000,
0,18,-17,0,0,0,0,0,2,-1,-1,217.502430,0.000020,0.097000,
0,18,-17,0,0,0,0,0,2,-1,1,217.502430,0.000010,0.027000,
0,18,-16,0,0,0,0,0,-2,-2,-1,114.565500,0.000040,0.019000,
0,18,-16,0,0,0,0,0,-2,-2,1,114.565500,0.000040,0.041000,
0,18,-16,0,0,0,0,0,-2,-1,-1,114.565500,0.000220,0.026000,
0,18,-16,0,0,0,0,0,-2,-1,1,114.565500,0.000380,0.088000,
0,18,-16,0,0,0,0,0,-2,0,-1,114.565500,0.000250,0.040000,
0,18,-16,0,0,0,0,0,0,-3,-1,114.565500,0.000110,0.025000,
0,18,-16,0,0,0,0,0,0,-3,1,114.565500,0.000020,0.076000,
0,18,-16,0,0,0,0,0,0,-2,-1,114.559720,0.001250,0.037000,
0,18,-16,0,0,0,0,0,0,-1,-3,294.565500,0.000010,0.025000,
0,18,-16,0,0,0,0,0,0,-1,-1,114.508840,0.011260,0.075000,
0,18,-16,0,0,0,0,0,0,-1,1,114.623740,0.011230,0.074000,
0,18,-16,0,0,0,0,0,0,-1,3,294.565500,0.000010,0.025000,
0,18,-16,0,0,0,0,0,0,0,-1,290.173870,0.000030,6.132000,
0,18,-16,0,0,0,0,0,0,0,1,114.677480,0.001210,0.037000,
0,18,-16,0,0,0,0,0,0,1,-1,114.565500,0.000020,0.076000,
0,18,-16,0,0,0,0,0,0,1,1,114.565500,0.000110,0.025000,
0,18,-16,0,0,0,0,0,2,-2,1,114.565500,0.000250,0.040000,
0,18,-16,0,0,0,0,0,2,-1,-1,114.565500,0.000380,0.088000,
0,18,-16,0,0,0,0,0,2,-1,1,114.565500,0.000220,0.026000,
0,18,-16,0,0,0,0,0,2,0,-1,114.565500,0.000040,0.041000,
0,18,-16,0,0,0,0,0,2,0,1,114.565500,0.000040,0.019000,
0,18,-15,0,0,0,0,0,-2,-1,-1,11.628570,0.000010,0.027000,
0,18,-15,0,0,0,0,0,-2,-1,1,11.628570,0.000020,0.097000,
0,18,-15,0,0,0,0,0,-2,0,-1,11.628570,0.000010,0.042000,
0,19,-20,0,0,0,0,0,-1,1,0,201.640740,0.000020,0.085000,
0,20,-21,0,0,0,0,0,-2,1,-1,18.184190,0.000050,0.075000,
0,20,-21,0,0,0,0,0,-2,1,1,18.184190,0.000050,0.074000,
0,20,-21,0,0,0,0,0,-1,1,0,201.608610,0.000030,0.081000,
0,20,-20,0,0,0,0,0,-1,1,-2,296.754070,0.000030,0.074000,
0,20,-20,0,0,0,0,0,-1,1,0,317.442380,0.000050,0.075000,
0,20,-19,0,0,0,0,0,-1,1,-2,201.052240,0.000020,0.080000,
0,20,-19,0,0,0,0,0,-1,1,0,201.052240,0.000020,0.069000,
0,21,-22,0,0,0,0,0,-1,-1,0,48.151580,0.000020,0.074000,
0,21,-22,0,0,0,0,0,-1,-1,2,228.151580,0.000020,0.075000,
0,21,-20,0,0,0,0,0,1,-1,-2,288.903310,0.000020,0.074000,
0,21,-20,0,0,0,0,0,1,-1,0,288.903310,0.000020,0.075000,
0,22,-23,0,0,0,0,0,-1,1,0,83.050360,0.000020,0.073000,
0,23,-23,0,0,0,0,0,1,-1,-2,267.561100,0.000020,0.075000,
0,23,-23,0,0,0,0,0,1,-1,0,87.561100,0.000020,0.074000,
0,26,-29,0,0,0,0,0,0,-1,-1,238.396220,0.000040,0.075000,
0,26,-29,0,0,0,0,0,0,-1,1,238.396220,0.000040,0.074000,
3,0,-1,0,0,0,0,0,-2,1,-1,218.714940,0.000010,0.074000,
3,0,-1,0,0,0,0,0,-2,1,1,218.714940,0.000010,0.075000